timestamp,open (USD),high (USD),low (USD),close (USD),open (USD),high (USD),low (USD),close (USD),volume,market cap (USD)
2021-11-10,50.79000000,50.97000000,50.64000000,50.74000000,50.79000000,50.97000000,50.64000000,50.74000000,145338.31000000,145338.31000000
2021-11-09,53.36000000,53.39000000,50.52000000,50.78000000,53.36000000,53.39000000,50.52000000,50.78000000,10322506.13000000,10322506.13000000
2021-11-08,52.22000000,53.87000000,51.63000000,53.36000000,52.22000000,53.87000000,51.63000000,53.36000000,7797418.81000000,7797418.81000000
2021-11-07,52.03000000,53.53000000,51.29000000,52.22000000,52.03000000,53.53000000,51.29000000,52.22000000,7102199.25000000,7102199.25000000
2021-11-06,51.75000000,52.42000000,49.00000000,52.02000000,51.75000000,52.42000000,49.00000000,52.02000000,8114011.78000000,8114011.78000000
2021-11-05,53.83000000,53.93000000,50.56000000,51.76000000,53.83000000,53.93000000,50.56000000,51.76000000,8742278.80000000,8742278.80000000
2021-11-04,53.35000000,55.09000000,52.16000000,53.82000000,53.35000000,55.09000000,52.16000000,53.82000000,14091354.81800000,14091354.81800000
2021-11-03,51.66000000,54.54000000,49.07000000,53.34000000,51.66000000,54.54000000,49.07000000,53.34000000,17237167.47000000,17237167.47000000
2021-11-02,49.98000000,53.35000000,48.01000000,51.66000000,49.98000000,53.35000000,48.01000000,51.66000000,19822814.52800000,19822814.52800000
2021-11-01,42.78000000,51.57000000,41.70000000,49.98000000,42.78000000,51.57000000,41.70000000,49.98000000,23714028.21300000,23714028.21300000
2021-10-31,42.73000000,43.36000000,41.01000000,42.77000000,42.73000000,43.36000000,41.01000000,42.77000000,6375433.77000000,6375433.77000000
2021-10-30,44.19000000,44.31000000,42.08000000,42.73000000,44.19000000,44.31000000,42.08000000,42.73000000,5254551.32000000,5254551.32000000
2021-10-29,41.82000000,44.35000000,41.56000000,44.20000000,41.82000000,44.35000000,41.56000000,44.20000000,8788034.21000000,8788034.21000000
2021-10-28,40.43000000,43.12000000,39.81000000,41.82000000,40.43000000,43.12000000,39.81000000,41.82000000,11629300.38000000,11629300.38000000
2021-10-27,44.93000000,45.77000000,38.70000000,40.44000000,44.93000000,45.77000000,38.70000000,40.44000000,17560562.15000000,17560562.15000000
2021-10-26,44.55000000,46.00000000,43.31000000,44.93000000,44.55000000,46.00000000,43.31000000,44.93000000,9161833.46000000,9161833.46000000
2021-10-25,42.30000000,44.80000000,42.11000000,44.55000000,42.30000000,44.80000000,42.11000000,44.55000000,7291785.53000000,7291785.53000000
2021-10-24,43.94000000,44.17000000,41.27000000,42.31000000,43.94000000,44.17000000,41.27000000,42.31000000,7260724.06000000,7260724.06000000
2021-10-23,43.50000000,44.79000000,43.08000000,43.95000000,43.50000000,44.79000000,43.08000000,43.95000000,6138290.14000000,6138290.14000000
2021-10-22,42.83000000,46.39000000,42.68000000,43.51000000,42.83000000,46.39000000,42.68000000,43.51000000,16062749.38000000,16062749.38000000
2021-10-21,44.41000000,45.53000000,41.91000000,42.84000000,44.41000000,45.53000000,41.91000000,42.84000000,14782015.91600000,14782015.91600000
2021-10-20,41.35000000,45.22000000,41.08000000,44.42000000,41.35000000,45.22000000,41.08000000,44.42000000,13310248.05300000,13310248.05300000
2021-10-19,41.16000000,41.65000000,40.01000000,41.34000000,41.16000000,41.65000000,40.01000000,41.34000000,8843904.77000000,8843904.77000000
2021-10-18,42.11000000,43.25000000,40.25000000,41.17000000,42.11000000,43.25000000,40.25000000,41.17000000,10911226.84000000,10911226.84000000
2021-10-17,41.74000000,42.87000000,39.52000000,42.12000000,41.74000000,42.87000000,39.52000000,42.12000000,10386680.07000000,10386680.07000000
2021-10-16,43.27000000,44.78000000,41.26000000,41.75000000,43.27000000,44.78000000,41.26000000,41.75000000,13673173.22900000,13673173.22900000
2021-10-15,40.69000000,44.24000000,39.45000000,43.28000000,40.69000000,44.24000000,39.45000000,43.28000000,22085746.42600000,22085746.42600000
2021-10-14,41.69000000,42.54000000,39.33000000,40.71000000,41.69000000,42.54000000,39.33000000,40.71000000,20178003.61000000,20178003.61000000
2021-10-13,35.16000000,43.22000000,33.57000000,41.69000000,35.16000000,43.22000000,33.57000000,41.69000000,36492731.21300000,36492731.21300000
2021-10-12,34.12000000,35.43000000,32.07000000,35.17000000,34.12000000,35.43000000,32.07000000,35.17000000,13326459.40000000,13326459.40000000
2021-10-11,34.42000000,36.09000000,33.25000000,34.13000000,34.42000000,36.09000000,33.25000000,34.13000000,11467492.31000000,11467492.31000000
2021-10-10,36.33000000,37.45000000,34.13000000,34.43000000,36.33000000,37.45000000,34.13000000,34.43000000,13147574.66000000,13147574.66000000
2021-10-09,33.36000000,36.90000000,33.00000000,36.33000000,33.36000000,36.90000000,33.00000000,36.33000000,12546752.37000000,12546752.37000000
2021-10-08,33.98000000,34.49000000,33.03000000,33.35000000,33.98000000,34.49000000,33.03000000,33.35000000,11134583.44000000,11134583.44000000
2021-10-07,32.19000000,35.31000000,30.93000000,33.98000000,32.19000000,35.31000000,30.93000000,33.98000000,20356598.29000000,20356598.29000000
2021-10-06,31.39000000,33.09000000,29.11000000,32.19000000,31.39000000,33.09000000,29.11000000,32.19000000,14373589.09000000,14373589.09000000
2021-10-05,31.15000000,32.16000000,30.52000000,31.39000000,31.15000000,32.16000000,30.52000000,31.39000000,8537858.77000000,8537858.77000000
2021-10-04,32.10000000,32.11000000,30.04000000,31.15000000,32.10000000,32.11000000,30.04000000,31.15000000,9287969.05000000,9287969.05000000
2021-10-03,32.01000000,32.69000000,31.17000000,32.11000000,32.01000000,32.69000000,31.17000000,32.11000000,7871434.22000000,7871434.22000000
2021-10-02,31.94000000,33.39000000,31.52000000,32.01000000,31.94000000,33.39000000,31.52000000,32.01000000,8748363.88000000,8748363.88000000
2021-10-01,28.61000000,32.33000000,28.50000000,31.94000000,28.61000000,32.33000000,28.50000000,31.94000000,13176348.21000000,13176348.21000000
2021-09-30,27.28000000,28.99000000,27.13000000,28.62000000,27.28000000,28.99000000,27.13000000,28.62000000,8201551.44000000,8201551.44000000
2021-09-29,26.31000000,28.59000000,26.11000000,27.28000000,26.31000000,28.59000000,26.11000000,27.28000000,10207287.33000000,10207287.33000000
2021-09-28,27.72000000,28.38000000,26.14000000,26.31000000,27.72000000,28.38000000,26.14000000,26.31000000,9784154.53000000,9784154.53000000
2021-09-27,28.84000000,30.26000000,27.50000000,27.71000000,28.84000000,30.26000000,27.50000000,27.71000000,11094418.10000000,11094418.10000000
2021-09-26,29.83000000,30.06000000,26.76000000,28.84000000,29.83000000,30.06000000,26.76000000,28.84000000,18340714.24000000,18340714.24000000
2021-09-25,30.79000000,32.22000000,29.41000000,29.82000000,30.79000000,32.22000000,29.41000000,29.82000000,13368526.84000000,13368526.84000000
2021-09-24,33.42000000,33.54000000,27.90000000,30.79000000,33.42000000,33.54000000,27.90000000,30.79000000,28521525.89000000,28521525.89000000
2021-09-23,31.58000000,33.60000000,30.37000000,33.41000000,31.58000000,33.60000000,30.37000000,33.41000000,13516616.87000000,13516616.87000000
2021-09-22,26.39000000,32.00000000,25.91000000,31.60000000,26.39000000,32.00000000,25.91000000,31.60000000,18161430.28000000,18161430.28000000
2021-09-21,28.31000000,30.38000000,25.50000000,26.39000000,28.31000000,30.38000000,25.50000000,26.39000000,24316299.56000000,24316299.56000000
2021-09-20,33.86000000,33.91000000,26.55000000,28.31000000,33.86000000,33.91000000,26.55000000,28.31000000,28383483.49000000,28383483.49000000
2021-09-19,34.86000000,34.90000000,33.01000000,33.85000000,34.86000000,34.90000000,33.01000000,33.85000000,7884331.02000000,7884331.02000000
2021-09-18,33.04000000,35.90000000,32.51000000,34.87000000,33.04000000,35.90000000,32.51000000,34.87000000,9990438.88000000,9990438.88000000
2021-09-17,35.51000000,36.94000000,32.19000000,33.03000000,35.51000000,36.94000000,32.19000000,33.03000000,14073919.00000000,14073919.00000000
2021-09-16,36.46000000,36.97000000,34.00000000,35.50000000,36.46000000,36.97000000,34.00000000,35.50000000,13726309.35000000,13726309.35000000
2021-09-15,37.35000000,38.01000000,35.55000000,36.47000000,37.35000000,38.01000000,35.55000000,36.47000000,12212842.72000000,12212842.72000000
2021-09-14,34.84000000,38.77000000,34.08000000,37.36000000,34.84000000,38.77000000,34.08000000,37.36000000,23675929.09400000,23675929.09400000
2021-09-13,35.81000000,38.07000000,31.50000000,34.84000000,35.81000000,38.07000000,31.50000000,34.84000000,49715992.15200000,49715992.15200000
2021-09-12,31.57000000,36.45000000,30.66000000,35.79000000,31.57000000,36.45000000,30.66000000,35.79000000,28871476.13000000,28871476.13000000
2021-09-11,29.18000000,32.10000000,28.25000000,31.57000000,29.18000000,32.10000000,28.25000000,31.57000000,15331069.56000000,15331069.56000000
2021-09-10,29.82000000,32.65000000,28.00000000,29.19000000,29.82000000,32.65000000,28.00000000,29.19000000,27860740.96000000,27860740.96000000
2021-09-09,27.76000000,31.88000000,27.00000000,29.82000000,27.76000000,31.88000000,27.00000000,29.82000000,21170365.50000000,21170365.50000000
2021-09-08,27.97000000,28.88000000,25.20000000,27.76000000,27.97000000,28.88000000,25.20000000,27.76000000,23830480.97000000,23830480.97000000
2021-09-07,34.35000000,35.68000000,22.66000000,27.97000000,34.35000000,35.68000000,22.66000000,27.97000000,40408249.41100000,40408249.41100000
2021-09-06,34.43000000,35.10000000,32.30000000,34.35000000,34.43000000,35.10000000,32.30000000,34.35000000,12428084.43000000,12428084.43000000
2021-09-05,32.41000000,34.78000000,31.97000000,34.42000000,32.41000000,34.78000000,31.97000000,34.42000000,9486930.41800000,9486930.41800000
2021-09-04,33.58000000,34.13000000,32.00000000,32.40000000,33.58000000,34.13000000,32.00000000,32.40000000,7731353.80600000,7731353.80600000
2021-09-03,31.78000000,34.00000000,30.51000000,33.57000000,31.78000000,34.00000000,30.51000000,33.57000000,14346166.88400000,14346166.88400000
2021-09-02,33.17000000,33.20000000,31.24000000,31.79000000,33.17000000,33.20000000,31.24000000,31.79000000,13487628.41000000,13487628.41000000
2021-09-01,31.34000000,33.83800000,29.60000000,33.18000000,31.34000000,33.83800000,29.60000000,33.18000000,26017654.83900000,26017654.83900000
2021-08-31,26.05000000,31.95000000,25.61000000,31.35000000,26.05000000,31.95000000,25.61000000,31.35000000,40601758.66900000,40601758.66900000
2021-08-30,25.71000000,27.58000000,24.32000000,26.03000000,25.71000000,27.58000000,24.32000000,26.03000000,14865324.48800000,14865324.48800000
2021-08-29,25.96000000,26.46000000,25.24000000,25.70000000,25.96000000,26.46000000,25.24000000,25.70000000,5969161.70000000,5969161.70000000
2021-08-28,26.53000000,26.76000000,25.40000000,25.96000000,26.53000000,26.76000000,25.40000000,25.96000000,6962096.43000000,6962096.43000000
2021-08-27,23.92000000,26.79000000,23.45000000,26.53000000,23.92000000,26.79000000,23.45000000,26.53000000,12760582.38200000,12760582.38200000
2021-08-26,25.98200000,26.40000000,23.46000000,23.92000000,25.98200000,26.40000000,23.46000000,23.92000000,12202094.79300000,12202094.79300000
2021-08-25,25.07000000,26.55000000,24.47100000,25.98200000,25.07000000,26.55000000,24.47100000,25.98200000,13580763.06300000,13580763.06300000
2021-08-24,27.87600000,28.17200000,24.35100000,25.06700000,27.87600000,28.17200000,24.35100000,25.06700000,15563782.33200000,15563782.33200000
2021-08-23,27.68300000,28.62700000,27.31200000,27.87700000,27.68300000,28.62700000,27.31200000,27.87700000,12452305.83700000,12452305.83700000
2021-08-22,27.86100000,28.52000000,26.50000000,27.68500000,27.86100000,28.52000000,26.50000000,27.68500000,12726834.13100000,12726834.13100000
2021-08-21,28.14900000,29.35100000,27.47000000,27.86300000,28.14900000,29.35100000,27.47000000,27.86300000,15380800.77700000,15380800.77700000
2021-08-20,26.57900000,28.47700000,26.06600000,28.14900000,26.57900000,28.47700000,26.06600000,28.14900000,18087062.29800000,18087062.29800000
2021-08-19,23.86800000,26.84900000,23.46400000,26.58200000,23.86800000,26.84900000,23.46400000,26.58200000,18955398.08900000,18955398.08900000
2021-08-18,23.54800000,25.18300000,22.50000000,23.86800000,23.54800000,25.18300000,22.50000000,23.86800000,20325842.45600000,20325842.45600000
2021-08-17,24.41900000,27.42200000,23.01000000,23.54500000,24.41900000,27.42200000,23.01000000,23.54500000,29082405.85400000,29082405.85400000
2021-08-16,23.15000000,25.69900000,22.82100000,24.43200000,23.15000000,25.69900000,22.82100000,24.43200000,23210244.18000000,23210244.18000000
2021-08-15,22.83300000,23.33000000,21.83600000,23.15000000,22.83300000,23.33000000,21.83600000,23.15000000,10311557.70500000,10311557.70500000
2021-08-14,22.72300000,23.48800000,21.77100000,22.83500000,22.72300000,23.48800000,21.77100000,22.83500000,12206858.98100000,12206858.98100000
2021-08-13,20.75900000,22.72900000,20.50300000,22.72300000,20.75900000,22.72900000,20.50300000,22.72300000,10079219.54300000,10079219.54300000
2021-08-12,21.34600000,22.31400000,19.90000000,20.75500000,21.34600000,22.31400000,19.90000000,20.75500000,13916627.07400000,13916627.07400000
2021-08-11,20.61000000,22.45000000,20.54000000,21.34700000,20.61000000,22.45000000,20.54000000,21.34700000,17980834.42600000,17980834.42600000
2021-08-10,20.56600000,21.41900000,20.08000000,20.61600000,20.56600000,21.41900000,20.08000000,20.61600000,13345048.98000000,13345048.98000000
2021-08-09,19.65100000,21.26700000,18.70600000,20.56600000,19.65100000,21.26700000,18.70600000,20.56600000,12450237.87600000,12450237.87600000
2021-08-08,20.96300000,21.20500000,19.19200000,19.65000000,20.96300000,21.20500000,19.19200000,19.65000000,11727291.34500000,11727291.34500000
2021-08-07,20.41700000,21.68300000,20.02500000,20.96300000,20.41700000,21.68300000,20.02500000,20.96300000,16386907.83000000,16386907.83000000
2021-08-06,19.12400000,20.80000000,18.52200000,20.41600000,19.12400000,20.80000000,18.52200000,20.41600000,17461334.49200000,17461334.49200000
2021-08-05,19.14600000,19.45800000,17.86100000,19.12400000,19.14600000,19.45800000,17.86100000,19.12400000,17528313.72100000,17528313.72100000
2021-08-04,17.42600000,19.58400000,17.09400000,19.15000000,17.42600000,19.58400000,17.09400000,19.15000000,17035350.57900000,17035350.57900000
2021-08-03,17.98400000,18.54600000,16.81100000,17.42500000,17.98400000,18.54600000,16.81100000,17.42500000,15066105.66000000,15066105.66000000
2021-08-02,18.41800000,18.93800000,17.55500000,17.98400000,18.41800000,18.93800000,17.55500000,17.98400000,17843839.09300000,17843839.09300000
2021-08-01,16.77900000,19.90000000,16.53900000,18.41800000,16.77900000,19.90000000,16.53900000,18.41800000,29839953.33100000,29839953.33100000
2021-07-31,15.79100000,17.01800000,15.58000000,16.78400000,15.79100000,17.01800000,15.58000000,16.78400000,12127994.27900000,12127994.27900000
2021-07-30,15.25800000,15.85900000,14.40400000,15.79300000,15.25800000,15.85900000,14.40400000,15.79300000,12163617.87900000,12163617.87900000
2021-07-29,14.54200000,15.39100000,14.25700000,15.25400000,14.54200000,15.39100000,14.25700000,15.25400000,16761635.31300000,16761635.31300000
2021-07-28,14.36400000,14.76200000,13.92100000,14.54600000,14.36400000,14.76200000,13.92100000,14.54600000,13296413.16900000,13296413.16900000
2021-07-27,13.92400000,14.54000000,13.34900000,14.36500000,13.92400000,14.54000000,13.34900000,14.36500000,16376850.10100000,16376850.10100000
2021-07-26,13.73200000,15.29800000,13.63400000,13.92500000,13.73200000,15.29800000,13.63400000,13.92500000,25704112.20400000,25704112.20400000
2021-07-25,13.75900000,13.82700000,13.08500000,13.73400000,13.75900000,13.82700000,13.08500000,13.73400000,10636601.76600000,10636601.76600000
2021-07-24,13.40000000,14.05700000,13.12300000,13.75400000,13.40000000,14.05700000,13.12300000,13.75400000,13352533.27200000,13352533.27200000
2021-07-23,13.15400000,13.52000000,12.32100000,13.40100000,13.15400000,13.52000000,12.32100000,13.40100000,14319244.95500000,14319244.95500000
2021-07-22,12.34400000,13.37000000,11.81000000,13.15200000,12.34400000,13.37000000,11.81000000,13.15200000,17109976.61200000,17109976.61200000
2021-07-21,10.96200000,12.86100000,10.67300000,12.34300000,10.96200000,12.86100000,10.67300000,12.34300000,20720488.40400000,20720488.40400000
2021-07-20,11.46300000,11.55800000,10.37300000,10.95800000,11.46300000,11.55800000,10.37300000,10.95800000,15411227.68800000,15411227.68800000
2021-07-19,12.64800000,12.73500000,11.35400000,11.46000000,12.64800000,12.73500000,11.35400000,11.46000000,13496594.16900000,13496594.16900000
2021-07-18,12.29600000,12.93400000,12.25800000,12.64700000,12.29600000,12.93400000,12.25800000,12.64700000,8943548.85300000,8943548.85300000
2021-07-17,12.02500000,12.74200000,11.71000000,12.29400000,12.02500000,12.74200000,11.71000000,12.29400000,12685758.45700000,12685758.45700000
2021-07-16,13.09500000,13.31300000,12.00000000,12.02600000,13.09500000,13.31300000,12.00000000,12.02600000,11747810.94200000,11747810.94200000
2021-07-15,13.79800000,14.10800000,12.73900000,13.09500000,13.79800000,14.10800000,12.73900000,13.09500000,11295460.33500000,11295460.33500000
2021-07-14,14.19100000,14.22700000,13.16400000,13.80100000,14.19100000,14.22700000,13.16400000,13.80100000,11240723.80800000,11240723.80800000
2021-07-13,14.84500000,15.09900000,14.01100000,14.19000000,14.84500000,15.09900000,14.01100000,14.19000000,7000669.87100000,7000669.87100000
2021-07-12,15.49500000,15.65000000,14.38100000,14.84500000,15.49500000,15.65000000,14.38100000,14.84500000,7384762.29000000,7384762.29000000
2021-07-11,15.27700000,15.70800000,15.13800000,15.49500000,15.27700000,15.70800000,15.13800000,15.49500000,5220591.25600000,5220591.25600000
2021-07-10,15.68100000,15.99900000,15.03800000,15.27600000,15.68100000,15.99900000,15.03800000,15.27600000,7361515.05100000,7361515.05100000
2021-07-09,15.31100000,15.91800000,14.82000000,15.68100000,15.31100000,15.91800000,14.82000000,15.68100000,8527447.53200000,8527447.53200000
2021-07-08,16.86200000,16.89300000,14.99000000,15.31700000,16.86200000,16.89300000,14.99000000,15.31700000,13613806.66300000,13613806.66300000
2021-07-07,16.12700000,17.66800000,16.08500000,16.86100000,16.12700000,17.66800000,16.08500000,16.86100000,18479476.98500000,18479476.98500000
2021-07-06,15.22900000,16.19100000,15.19400000,16.13500000,15.22900000,16.19100000,15.19400000,16.13500000,12531769.00700000,12531769.00700000
2021-07-05,15.97400000,15.97500000,14.50000000,15.22800000,15.97400000,15.97500000,14.50000000,15.22800000,10609352.57700000,10609352.57700000
2021-07-04,15.52300000,16.57500000,15.16200000,15.97500000,15.52300000,16.57500000,15.16200000,15.97500000,8386779.84100000,8386779.84100000
2021-07-03,15.28800000,15.75200000,15.01900000,15.52000000,15.28800000,15.75200000,15.01900000,15.52000000,7020623.72700000,7020623.72700000
2021-07-02,15.17300000,15.45500000,14.62200000,15.28900000,15.17300000,15.45500000,14.62200000,15.28900000,7898912.74400000,7898912.74400000
2021-07-01,16.40000000,16.41100000,14.85000000,15.17400000,16.40000000,16.41100000,14.85000000,15.17400000,10239264.11800000,10239264.11800000
2021-06-30,16.30500000,16.62800000,15.08600000,16.40200000,16.30500000,16.62800000,15.08600000,16.40200000,13522533.23200000,13522533.23200000
2021-06-29,15.79300000,17.02900000,15.71400000,16.30000000,15.79300000,17.02900000,15.71400000,16.30000000,15069027.29100000,15069027.29100000
2021-06-28,15.00800000,16.02600000,14.58400000,15.79400000,15.00800000,16.02600000,14.58400000,15.79400000,12407568.94800000,12407568.94800000
2021-06-27,14.50700000,15.02700000,14.03000000,15.01000000,14.50700000,15.02700000,14.03000000,15.01000000,10035136.20700000,10035136.20700000
2021-06-26,14.42400000,14.98100000,13.61600000,14.51100000,14.42400000,14.98100000,13.61600000,14.51100000,13921587.23800000,13921587.23800000
2021-06-25,16.22400000,16.74200000,14.41400000,14.42200000,16.22400000,16.74200000,14.41400000,14.42200000,15832639.42800000,15832639.42800000
2021-06-24,15.79400000,16.60900000,14.72400000,16.22300000,15.79400000,16.60900000,14.72400000,16.22300000,14150471.66500000,14150471.66500000
2021-06-23,14.68400000,16.80000000,13.96300000,15.79200000,14.68400000,16.80000000,13.96300000,15.79200000,24268090.26800000,24268090.26800000
2021-06-22,15.71100000,16.93600000,13.00000000,14.68800000,15.71100000,16.93600000,13.00000000,14.68800000,42443370.02800000,42443370.02800000
2021-06-21,20.61600000,20.79400000,15.35000000,15.70700000,20.61600000,20.79400000,15.35000000,15.70700000,27185128.19700000,27185128.19700000
2021-06-20,20.22100000,21.00000000,18.87100000,20.61700000,20.22100000,21.00000000,18.87100000,20.61700000,11045346.05400000,11045346.05400000
2021-06-19,21.43200000,21.63200000,20.21500000,20.22200000,21.43200000,21.63200000,20.21500000,20.22200000,7447145.38800000,7447145.38800000
2021-06-18,22.53600000,22.56600000,20.20500000,21.43200000,22.53600000,22.56600000,20.20500000,21.43200000,10556068.52800000,10556068.52800000
2021-06-17,23.02800000,24.00000000,22.00000000,22.53300000,23.02800000,24.00000000,22.00000000,22.53300000,10290433.23700000,10290433.23700000
2021-06-16,23.94200000,24.58400000,22.49100000,23.03300000,23.94200000,24.58400000,22.49100000,23.03300000,13836266.10300000,13836266.10300000
2021-06-15,25.85800000,26.00900000,23.51400000,23.94200000,25.85800000,26.00900000,23.51400000,23.94200000,17728382.39900000,17728382.39900000
2021-06-14,22.04100000,26.02600000,21.23300000,25.85800000,22.04100000,26.02600000,21.23300000,25.85800000,23122012.59000000,23122012.59000000
2021-06-13,20.74200000,22.41200000,19.92800000,22.04000000,20.74200000,22.41200000,19.92800000,22.04000000,9398764.59700000,9398764.59700000
2021-06-12,20.94500000,21.26200000,19.50000000,20.74200000,20.94500000,21.26200000,19.50000000,20.74200000,12547282.80300000,12547282.80300000
2021-06-11,22.68000000,23.20600000,20.48700000,20.95000000,22.68000000,23.20600000,20.48700000,20.95000000,12851416.71200000,12851416.71200000
2021-06-10,23.21600000,24.60000000,22.04200000,22.68300000,23.21600000,24.60000000,22.04200000,22.68300000,18698941.75200000,18698941.75200000
2021-06-09,21.64300000,23.33500000,20.36100000,23.21400000,21.64300000,23.33500000,20.36100000,23.21400000,17895882.48300000,17895882.48300000
2021-06-08,21.68600000,22.29100000,19.60000000,21.65000000,21.68600000,22.29100000,19.60000000,21.65000000,22854699.75600000,22854699.75600000
2021-06-07,24.18900000,25.28300000,21.30000000,21.68600000,24.18900000,25.28300000,21.30000000,21.68600000,16728777.96000000,16728777.96000000
2021-06-06,23.77200000,24.50100000,23.43300000,24.18400000,23.77200000,24.50100000,23.43300000,24.18400000,8542620.37100000,8542620.37100000
2021-06-05,24.99100000,26.40000000,22.93300000,23.77100000,24.99100000,26.40000000,22.93300000,23.77100000,15159286.35600000,15159286.35600000
2021-06-04,27.00500000,27.01900000,23.60500000,24.98800000,27.00500000,27.01900000,23.60500000,24.98800000,23200131.88100000,23200131.88100000
2021-06-03,25.91300000,28.60000000,25.67300000,27.00400000,25.91300000,28.60000000,25.67300000,27.00400000,22096623.21900000,22096623.21900000
2021-06-02,22.84000000,26.87000000,22.64900000,25.91600000,22.84000000,26.87000000,22.64900000,25.91600000,24489800.10200000,24489800.10200000
2021-06-01,23.27300000,23.53900000,21.60000000,22.84000000,23.27300000,23.53900000,21.60000000,22.84000000,18793956.11000000,18793956.11000000
2021-05-31,20.46000000,23.45000000,19.06000000,23.26400000,20.46000000,23.45000000,19.06000000,23.26400000,21593146.82000000,21593146.82000000
2021-05-30,19.88100000,21.35600000,18.41600000,20.46500000,19.88100000,21.35600000,18.41600000,20.46500000,17307772.37500000,17307772.37500000
2021-05-29,21.34900000,22.31900000,18.77900000,19.86800000,21.34900000,22.31900000,18.77900000,19.86800000,20620470.34700000,20620470.34700000
2021-05-28,23.98700000,26.22000000,20.00000000,21.35000000,23.98700000,26.22000000,20.00000000,21.35000000,40752090.28800000,40752090.28800000
2021-05-27,24.52900000,24.94600000,21.74700000,23.98200000,24.52900000,24.94600000,21.74700000,23.98200000,22582359.51700000,22582359.51700000
2021-05-26,22.14900000,24.77100000,21.60300000,24.52800000,22.14900000,24.77100000,21.60300000,24.52800000,26085513.26500000,26085513.26500000
2021-05-25,23.26700000,24.21700000,19.65000000,22.16000000,23.26700000,24.21700000,19.65000000,22.16000000,34789720.03200000,34789720.03200000
2021-05-24,17.91300000,23.48200000,17.09800000,23.26100000,17.91300000,23.48200000,17.09800000,23.26100000,43581078.15200000,43581078.15200000
2021-05-23,22.05000000,23.46500000,13.63800000,17.91200000,22.05000000,23.46500000,13.63800000,17.91200000,65071228.80300000,65071228.80300000
2021-05-22,24.38600000,24.60000000,20.31400000,22.05700000,24.38600000,24.60000000,20.31400000,22.05700000,32371263.63100000,32371263.63100000
2021-05-21,28.94400000,30.99900000,20.00000000,24.39900000,28.94400000,30.99900000,20.00000000,24.39900000,49259719.83200000,49259719.83200000
2021-05-20,25.04400000,31.28800000,21.20000000,28.95800000,25.04400000,31.28800000,21.20000000,28.95800000,46079545.70900000,46079545.70900000
2021-05-19,40.60300000,41.40300000,18.00000000,25.04400000,40.60300000,41.40300000,18.00000000,25.04400000,76760027.40800001,76760027.40800001
2021-05-18,38.69100000,42.59800000,37.65300000,40.59500000,38.69100000,42.59800000,37.65300000,40.59500000,18784123.60700000,18784123.60700000
2021-05-17,42.42600000,42.47100000,35.10000000,38.69300000,42.42600000,42.47100000,35.10000000,38.69300000,22756823.56700000,22756823.56700000
2021-05-16,43.63800000,46.72200000,39.27700000,42.43600000,43.63800000,46.72200000,39.27700000,42.43600000,19390116.79300000,19390116.79300000
2021-05-15,47.97000000,49.78000000,42.72300000,43.64300000,47.97000000,49.78000000,42.72300000,43.64300000,29713880.38700000,29713880.38700000
2021-05-14,39.98200000,48.00000000,39.38100000,47.97900000,39.98200000,48.00000000,39.38100000,47.97900000,25755875.95900000,25755875.95900000
2021-05-13,35.12900000,41.86900000,33.00000000,39.98800000,35.12900000,41.86900000,33.00000000,39.98800000,32382529.91600000,32382529.91600000
2021-05-12,38.63800000,42.47200000,33.74000000,35.12800000,38.63800000,42.47200000,33.74000000,35.12800000,19203754.05900000,19203754.05900000
2021-05-11,36.48800000,38.68300000,35.52900000,38.63700000,36.48800000,38.68300000,35.52900000,38.63700000,10529252.62100000,10529252.62100000
2021-05-10,40.30900000,41.85000000,32.05900000,36.48800000,40.30900000,41.85000000,32.05900000,36.48800000,15156271.81200000,15156271.81200000
2021-05-09,39.89800000,40.55800000,38.20000000,40.30000000,39.89800000,40.55800000,38.20000000,40.30000000,9941002.39900000,9941002.39900000
2021-05-08,39.86900000,40.64600000,38.69300000,39.89900000,39.86900000,40.64600000,38.69300000,39.89900000,7174506.87600000,7174506.87600000
2021-05-07,41.56400000,42.80000000,38.34000000,39.86400000,41.56400000,42.80000000,38.34000000,39.86400000,13673656.08900000,13673656.08900000
2021-05-06,40.42300000,43.90000000,37.98000000,41.58800000,40.42300000,43.90000000,37.98000000,41.58800000,19626530.96700000,19626530.96700000
2021-05-05,34.77800000,40.76100000,34.52200000,40.42200000,34.77800000,40.76100000,34.52200000,40.42200000,15940781.37100000,15940781.37100000
2021-05-04,37.24900000,37.93100000,34.36600000,34.77700000,37.24900000,37.93100000,34.36600000,34.77700000,13221688.84700000,13221688.84700000
2021-05-03,36.62000000,38.30000000,36.57100000,37.25000000,36.62000000,38.30000000,36.57100000,37.25000000,8437636.15800000,8437636.15800000
2021-05-02,36.90400000,37.17900000,35.48500000,36.62600000,36.90400000,37.17900000,35.48500000,36.62600000,6899280.73600000,6899280.73600000
2021-05-01,36.51100000,37.46000000,35.80000000,36.90800000,36.51100000,37.46000000,35.80000000,36.90800000,7426793.56800000,7426793.56800000
2021-04-30,35.97900000,36.81100000,35.08700000,36.52200000,35.97900000,36.81100000,35.08700000,36.52200000,11153636.93700000,11153636.93700000
2021-04-29,33.96800000,36.00000000,32.96600000,35.97900000,33.96800000,36.00000000,32.96600000,35.97900000,8746880.38800000,8746880.38800000
2021-04-28,34.84500000,35.38900000,32.56600000,33.97200000,34.84500000,35.38900000,32.56600000,33.97200000,9168443.63800000,9168443.63800000
2021-04-27,33.39600000,34.94000000,33.14100000,34.84500000,33.39600000,34.94000000,33.14100000,34.84500000,10126562.83700000,10126562.83700000
2021-04-26,29.83000000,33.47300000,29.75500000,33.40000000,29.83000000,33.47300000,29.75500000,33.40000000,12586853.23900000,12586853.23900000
2021-04-25,28.98190000,31.30000000,28.10000000,29.83000000,28.98190000,31.30000000,28.10000000,29.83000000,7392943.06500000,7392943.06500000
2021-04-24,32.24020000,32.40260000,28.53000000,28.96290000,32.24020000,32.40260000,28.53000000,28.96290000,12019207.50000000,12019207.50000000
2021-04-23,32.94700000,33.49980000,26.63550000,32.23230000,32.94700000,33.49980000,26.63550000,32.23230000,25328983.32000000,25328983.32000000
2021-04-22,33.77140000,36.76350000,32.80000000,32.95710000,33.77140000,36.76350000,32.80000000,32.95710000,17785821.28000000,17785821.28000000
2021-04-21,35.41120000,36.31720000,33.02610000,33.79530000,35.41120000,36.31720000,33.02610000,33.79530000,11604140.78000000,11604140.78000000
2021-04-20,34.73710000,35.75080000,31.55420000,35.41330000,34.73710000,35.75080000,31.55420000,35.41330000,14345901.28000000,14345901.28000000
2021-04-19,37.36230000,38.70070000,34.00000000,34.73730000,37.36230000,38.70070000,34.00000000,34.73730000,11880828.89000000,11880828.89000000
2021-04-18,42.05680000,42.70510000,32.00000000,37.36300000,42.05680000,42.70510000,32.00000000,37.36300000,25846971.85000000,25846971.85000000
2021-04-17,41.39310000,48.36000000,41.37000000,42.05770000,41.39310000,48.36000000,41.37000000,42.05770000,17205151.16000000,17205151.16000000
2021-04-16,43.41690000,43.82520000,40.00070000,41.38980000,43.41690000,43.82520000,40.00070000,41.38980000,9269576.83000000,9269576.83000000
2021-04-15,42.52170000,44.30000000,41.40460000,43.43180000,42.52170000,44.30000000,41.40460000,43.43180000,8291327.15000000,8291327.15000000
2021-04-14,42.93010000,44.55940000,40.00000000,42.51710000,42.93010000,44.55940000,40.00000000,42.51710000,10710847.58000000,10710847.58000000
2021-04-13,40.46010000,43.35540000,39.80900000,42.93010000,40.46010000,43.35540000,39.80900000,42.93010000,9390973.40000000,9390973.40000000
2021-04-12,41.31330000,41.76990000,39.36430000,40.46000000,41.31330000,41.76990000,39.36430000,40.46000000,6509499.53000000,6509499.53000000
2021-04-11,41.60000000,41.87000000,39.98180000,41.31960000,41.60000000,41.87000000,39.98180000,41.31960000,5023884.47000000,5023884.47000000
2021-04-10,40.80850000,42.75700000,39.97770000,41.58680000,40.80850000,42.75700000,39.97770000,41.58680000,5302312.77000000,5302312.77000000
2021-04-09,41.32480000,42.09840000,40.05010000,40.80850000,41.32480000,42.09840000,40.05010000,40.80850000,4356116.29000000,4356116.29000000
2021-04-08,39.51000000,41.59990000,39.21210000,41.33400000,39.51000000,41.59990000,39.21210000,41.33400000,5879782.79000000,5879782.79000000
2021-04-07,43.35470000,43.50380000,37.69000000,39.50130000,43.35470000,43.50380000,37.69000000,39.50130000,11787515.43000000,11787515.43000000
2021-04-06,45.80000000,46.26160000,41.56000000,43.35000000,45.80000000,46.26160000,41.56000000,43.35000000,9415415.87000000,9415415.87000000
2021-04-05,44.32040000,45.86940000,41.80600000,45.80030000,44.32040000,45.86940000,41.80600000,45.80030000,7991387.42000000,7991387.42000000
2021-04-04,41.38000000,45.08580000,40.66660000,44.31350000,41.38000000,45.08580000,40.66660000,44.31350000,8717890.34000000,8717890.34000000
2021-04-03,41.03440000,46.80000000,40.91030000,41.38020000,41.03440000,46.80000000,40.91030000,41.38020000,18075397.33000000,18075397.33000000
2021-04-02,37.46550000,41.40810000,36.57210000,41.02710000,37.46550000,41.40810000,36.57210000,41.02710000,10204662.65000000,10204662.65000000
2021-04-01,37.07840000,38.94500000,36.00210000,37.46100000,37.07840000,38.94500000,36.00210000,37.46100000,9608182.24000000,9608182.24000000
2021-03-31,33.97780000,38.28000000,33.22000000,37.07650000,33.97780000,38.28000000,33.22000000,37.07650000,14303159.29000000,14303159.29000000
2021-03-30,34.34040000,34.80000000,33.48550000,33.97780000,34.34040000,34.80000000,33.48550000,33.97780000,5489182.37000000,5489182.37000000
2021-03-29,32.23310000,34.71400000,31.74960000,34.34030000,32.23310000,34.71400000,31.74960000,34.34030000,6754322.38000000,6754322.38000000
2021-03-28,32.58730000,33.22310000,31.22760000,32.23310000,32.58730000,33.22310000,31.22760000,32.23310000,4896790.56000000,4896790.56000000
2021-03-27,33.16070000,33.50000000,31.11190000,32.58840000,33.16070000,33.50000000,31.11190000,32.58840000,6080754.51000000,6080754.51000000
2021-03-26,29.80590000,33.36890000,29.78940000,33.17820000,29.80590000,33.36890000,29.78940000,33.17820000,7973987.37000000,7973987.37000000
2021-03-25,30.21390000,31.26760000,28.30000000,29.80590000,30.21390000,31.26760000,28.30000000,29.80590000,17474869.14000000,17474869.14000000
2021-03-24,34.19610000,36.14680000,27.45860000,30.22090000,34.19610000,36.14680000,27.45860000,30.22090000,13285955.46000000,13285955.46000000
2021-03-23,35.22020000,36.28960000,34.03250000,34.21740000,35.22020000,36.28960000,34.03250000,34.21740000,5897723.07000000,5897723.07000000
2021-03-22,36.68020000,37.78030000,35.05720000,35.23380000,36.68020000,37.78030000,35.05720000,35.23380000,6137342.07000000,6137342.07000000
2021-03-21,37.22930000,38.09950000,36.10010000,36.68510000,37.22930000,38.09950000,36.10010000,36.68510000,6631041.19000000,6631041.19000000
2021-03-20,38.17350000,40.10000000,37.15590000,37.22790000,38.17350000,40.10000000,37.15590000,37.22790000,8583160.20000000,8583160.20000000
2021-03-19,35.33990000,38.86360000,34.60000000,38.17350000,35.33990000,38.86360000,34.60000000,38.17350000,9561406.59000000,9561406.59000000
2021-03-18,36.11570000,37.01870000,34.96480000,35.33990000,36.11570000,37.01870000,34.96480000,35.33990000,5558730.76000000,5558730.76000000
2021-03-17,35.39810000,36.44950000,34.38790000,36.10360000,35.39810000,36.44950000,34.38790000,36.10360000,6842523.37000000,6842523.37000000
2021-03-16,34.28680000,35.54220000,32.07000000,35.39870000,34.28680000,35.54220000,32.07000000,35.39870000,9126077.86000000,9126077.86000000
2021-03-15,36.44270000,38.56360000,33.83510000,34.29630000,36.44270000,38.56360000,33.83510000,34.29630000,10731480.20000000,10731480.20000000
2021-03-14,37.13080000,37.99790000,36.24770000,36.44270000,37.13080000,37.99790000,36.24770000,36.44270000,4741817.09000000,4741817.09000000
2021-03-13,35.95820000,38.27420000,34.68730000,37.14180000,35.95820000,38.27420000,34.68730000,37.14180000,7399275.26000000,7399275.26000000
2021-03-12,36.89880000,37.49950000,34.37730000,35.95510000,36.89880000,37.49950000,34.37730000,35.95510000,6812852.03000000,6812852.03000000
2021-03-11,37.55340000,38.04340000,35.86750000,36.90260000,37.55340000,38.04340000,35.86750000,36.90260000,8664283.50000000,8664283.50000000
2021-03-10,38.18450000,39.60000000,36.21810000,37.54940000,38.18450000,39.60000000,36.21810000,37.54940000,12012623.70000000,12012623.70000000
2021-03-09,34.98670000,38.87880000,34.51480000,38.18820000,34.98670000,38.87880000,34.51480000,38.18820000,12891833.92000000,12891833.92000000
2021-03-08,35.08980000,35.55660000,33.40530000,34.97370000,35.08980000,35.55660000,33.40530000,34.97370000,6813802.79000000,6813802.79000000
2021-03-07,33.36280000,35.29990000,33.36280000,35.09500000,33.36280000,35.29990000,33.36280000,35.09500000,6061093.36000000,6061093.36000000
2021-03-06,33.59260000,34.19970000,32.05000000,33.35960000,33.59260000,34.19970000,32.05000000,33.35960000,6037223.17000000,6037223.17000000
2021-03-05,35.22510000,35.26870000,31.31000000,33.61940000,35.22510000,35.26870000,31.31000000,33.61940000,15293689.83000000,15293689.83000000
2021-03-04,37.06610000,38.38000000,34.35000000,35.21660000,37.06610000,38.38000000,34.35000000,35.21660000,11601602.41000000,11601602.41000000
2021-03-03,36.14850000,38.68000000,36.10310000,37.09850000,36.14850000,38.68000000,36.10310000,37.09850000,11641704.64000000,11641704.64000000
2021-03-02,35.62780000,37.92470000,34.37770000,36.13930000,35.62780000,37.92470000,34.37770000,36.13930000,15276420.14000000,15276420.14000000
2021-03-01,33.79640000,35.66000000,33.01490000,35.62730000,33.79640000,35.66000000,33.01490000,35.62730000,13666144.31000000,13666144.31000000
2021-02-28,33.46640000,34.56000000,29.70000000,33.80000000,33.46640000,34.56000000,29.70000000,33.80000000,19977135.54000000,19977135.54000000
2021-02-27,31.45060000,35.66180000,31.34710000,33.45750000,31.45060000,35.66180000,31.34710000,33.45750000,20330311.63000000,20330311.63000000
2021-02-26,31.22820000,33.55160000,28.00010000,31.43620000,31.22820000,33.55160000,28.00010000,31.43620000,25275240.20000000,25275240.20000000
2021-02-25,33.63150000,35.26000000,30.85820000,31.23410000,33.63150000,35.26000000,30.85820000,31.23410000,13365957.05000000,13365957.05000000
2021-02-24,34.56970000,36.80000000,31.10000000,33.63960000,34.56970000,36.80000000,31.10000000,33.63960000,20265938.21000000,20265938.21000000
2021-02-23,37.63690000,37.80000000,26.50000000,34.53250000,37.63690000,37.80000000,26.50000000,34.53250000,40437206.88000000,40437206.88000000
2021-02-22,39.58670000,39.74340000,30.81040000,37.61430000,39.58670000,39.74340000,30.81040000,37.61430000,27519472.04000000,27519472.04000000
2021-02-21,38.93810000,40.69920000,38.00000000,39.58630000,38.93810000,40.69920000,38.00000000,39.58630000,15160345.53000000,15160345.53000000
2021-02-20,34.80930000,42.28480000,34.70000000,38.94200000,34.80930000,42.28480000,34.70000000,38.94200000,29189715.44000000,29189715.44000000
2021-02-19,31.11000000,35.00000000,29.50000000,34.82400000,31.11000000,35.00000000,29.50000000,34.82400000,16536466.18000000,16536466.18000000
2021-02-18,31.98490000,32.59260000,30.54530000,31.11000000,31.98490000,32.59260000,30.54530000,31.11000000,7915382.55000000,7915382.55000000
2021-02-17,30.08970000,32.40000000,29.61090000,31.98620000,30.08970000,32.40000000,29.61090000,31.98620000,14917487.45000000,14917487.45000000
2021-02-16,27.82010000,31.06060000,26.80020000,30.08320000,27.82010000,31.06060000,26.80020000,30.08320000,20070860.93000000,20070860.93000000
2021-02-15,26.88000000,29.53650000,23.15550000,27.80210000,26.88000000,29.53650000,23.15550000,27.80210000,20272317.43000000,20272317.43000000
2021-02-14,27.96020000,29.41420000,26.40000000,26.87240000,27.96020000,29.41420000,26.40000000,26.87240000,10698732.39000000,10698732.39000000
2021-02-13,28.65230000,30.21000000,27.22030000,27.93640000,28.65230000,30.21000000,27.22030000,27.93640000,15559714.60000000,15559714.60000000
2021-02-12,25.00360000,29.72720000,24.50000000,28.65550000,25.00360000,29.72720000,24.50000000,28.65550000,15767764.90000000,15767764.90000000
2021-02-11,23.57840000,25.70710000,23.23570000,25.02240000,23.57840000,25.70710000,23.23570000,25.02240000,13943337.77000000,13943337.77000000
2021-02-10,23.08900000,24.84980000,21.89160000,23.58210000,23.08900000,24.84980000,21.89160000,23.58210000,16612771.89000000,16612771.89000000
2021-02-09,22.98400000,24.12000000,22.22690000,23.08460000,22.98400000,24.12000000,22.22690000,23.08460000,16067713.73000000,16067713.73000000
2021-02-08,19.73650000,23.69690000,19.18280000,22.98530000,19.73650000,23.69690000,19.18280000,22.98530000,25522324.88000000,25522324.88000000
2021-02-07,20.36900000,20.80310000,18.46000000,19.73450000,20.36900000,20.80310000,18.46000000,19.73450000,15159822.49000000,15159822.49000000
2021-02-06,20.82590000,21.39900000,19.84250000,20.37340000,20.82590000,21.39900000,19.84250000,20.37340000,11925117.12000000,11925117.12000000
2021-02-05,19.66820000,21.40000000,19.34720000,20.84000000,19.66820000,21.40000000,19.34720000,20.84000000,17350792.08000000,17350792.08000000
2021-02-04,20.85880000,21.73210000,18.57000000,19.66770000,20.85880000,21.73210000,18.57000000,19.66770000,25501882.41000000,25501882.41000000
2021-02-03,17.17660000,20.93220000,16.80000000,20.85380000,17.17660000,20.93220000,16.80000000,20.85380000,28799999.03000000,28799999.03000000
2021-02-02,16.44010000,17.67000000,15.98130000,17.17650000,16.44010000,17.67000000,15.98130000,17.17650000,17507006.87000000,17507006.87000000
2021-02-01,16.11530000,16.56150000,15.58070000,16.43850000,16.11530000,16.56150000,15.58070000,16.43850000,10427226.81000000,10427226.81000000
2021-01-31,16.54230000,17.53320000,15.64380000,16.11280000,16.54230000,17.53320000,15.64380000,16.11280000,13322271.39000000,13322271.39000000
2021-01-30,16.79950000,17.08080000,16.13270000,16.53490000,16.79950000,17.08080000,16.13270000,16.53490000,10071916.92000000,10071916.92000000
2021-01-29,16.87160000,17.75220000,15.93890000,16.79680000,16.87160000,17.75220000,15.93890000,16.79680000,24085491.74000000,24085491.74000000
2021-01-28,15.43500000,17.49380000,15.25830000,16.86430000,15.43500000,17.49380000,15.25830000,16.86430000,18773126.13000000,18773126.13000000
2021-01-27,17.11150000,17.12700000,15.03160000,15.43000000,17.11150000,17.12700000,15.03160000,15.43000000,18777450.02000000,18777450.02000000
2021-01-26,17.20750000,17.78440000,16.00000000,17.10130000,17.20750000,17.78440000,16.00000000,17.10130000,14031585.41000000,14031585.41000000
2021-01-25,17.97570000,19.10000000,17.06900000,17.20700000,17.97570000,19.10000000,17.06900000,17.20700000,19765645.59000000,19765645.59000000
2021-01-24,18.74470000,18.76460000,17.22000000,17.97450000,18.74470000,18.76460000,17.22000000,17.97450000,15685459.56000000,15685459.56000000
2021-01-23,17.12430000,18.80000000,16.79510000,18.74460000,17.12430000,18.80000000,16.79510000,18.74460000,24293114.74000000,24293114.74000000
2021-01-22,15.98370000,18.01780000,14.71110000,17.12070000,15.98370000,18.01780000,14.71110000,17.12070000,31458042.07000000,31458042.07000000
2021-01-21,17.97980000,18.15000000,14.98200000,15.98180000,17.97980000,18.15000000,14.98200000,15.98180000,38757498.25000000,38757498.25000000
2021-01-20,16.39510000,18.20780000,14.79000000,17.98080000,16.39510000,18.20780000,14.79000000,17.98080000,33656669.48000000,33656669.48000000
2021-01-19,16.57860000,17.49000000,15.88700000,16.39330000,16.57860000,17.49000000,15.88700000,16.39330000,23747474.38000000,23747474.38000000
2021-01-18,17.08970000,18.22100000,15.70000000,16.58980000,17.08970000,18.22100000,15.70000000,16.58980000,26097571.18000000,26097571.18000000
2021-01-17,17.98490000,18.26770000,16.28000000,17.08320000,17.98490000,18.26770000,16.28000000,17.08320000,50659218.35000000,50659218.35000000
2021-01-16,13.16380000,19.40000000,13.15670000,17.98930000,13.16380000,19.40000000,13.15670000,17.98930000,80460090.20000000,80460090.20000000
2021-01-15,14.48620000,14.95990000,11.76190000,13.16790000,14.48620000,14.95990000,11.76190000,13.16790000,56797246.56000000,56797246.56000000
2021-01-14,10.94170000,14.68000000,10.88010000,14.48670000,10.94170000,14.68000000,10.88010000,14.48670000,50546604.14000000,50546604.14000000
2021-01-13,8.30720000,11.44070000,7.98330000,10.94860000,8.30720000,11.44070000,7.98330000,10.94860000,33973317.45000000,33973317.45000000
2021-01-12,8.27360000,8.72430000,7.92010000,8.30780000,8.27360000,8.72430000,7.92010000,8.30780000,17770135.49000000,17770135.49000000
2021-01-11,9.29620000,9.32000000,7.16420000,8.26910000,9.29620000,9.32000000,7.16420000,8.26910000,39051182.14000000,39051182.14000000
2021-01-10,9.73540000,9.98890000,8.60540000,9.29110000,9.73540000,9.98890000,8.60540000,9.29110000,13493639.61000000,13493639.61000000
2021-01-09,9.29590000,9.81500000,9.04180000,9.73540000,9.29590000,9.81500000,9.04180000,9.73540000,11628693.46000000,11628693.46000000
2021-01-08,9.64320000,9.81400000,8.77880000,9.29980000,9.64320000,9.81400000,8.77880000,9.29980000,18487740.39000000,18487740.39000000
2021-01-07,10.06790000,10.68000000,9.38000000,9.64390000,10.06790000,10.68000000,9.38000000,9.64390000,23807905.10000000,23807905.10000000
2021-01-06,9.71260000,10.44520000,9.46110000,10.06790000,9.71260000,10.44520000,9.46110000,10.06790000,24556008.75000000,24556008.75000000
2021-01-05,9.51470000,10.04410000,9.01000000,9.70840000,9.51470000,10.04410000,9.01000000,9.70840000,20433614.97000000,20433614.97000000
2021-01-04,10.14530000,10.51690000,8.70000000,9.51260000,10.14530000,10.51690000,8.70000000,9.51260000,35233997.11000000,35233997.11000000
2021-01-03,9.20560000,10.50000000,8.84480000,10.13070000,9.20560000,10.50000000,8.84480000,10.13070000,37224723.44000000,37224723.44000000
2021-01-02,8.27750000,9.89000000,7.89000000,9.20370000,8.27750000,9.89000000,7.89000000,9.20370000,41542040.61000000,41542040.61000000
2021-01-01,9.26200000,9.42800000,8.07290000,8.27760000,9.26200000,9.42800000,8.07290000,8.27760000,40444969.81000000,40444969.81000000
2020-12-31,7.22840000,9.51000000,7.12060000,9.26190000,7.22840000,9.51000000,7.12060000,9.26190000,39283522.88000000,39283522.88000000
2020-12-30,7.54730000,7.67800000,7.05500000,7.22820000,7.54730000,7.67800000,7.05500000,7.22820000,29271542.34000000,29271542.34000000
2020-12-29,6.59310000,7.70000000,6.12000000,7.54020000,6.59310000,7.70000000,6.12000000,7.54020000,43059737.73000000,43059737.73000000
2020-12-28,5.14620000,6.70000000,5.10800000,6.59820000,5.14620000,6.70000000,5.10800000,6.59820000,28565820.35000000,28565820.35000000
2020-12-27,5.19460000,5.46910000,4.93250000,5.14550000,5.19460000,5.46910000,4.93250000,5.14550000,12600497.85000000,12600497.85000000
2020-12-26,5.21240000,5.29380000,5.08100000,5.19240000,5.21240000,5.29380000,5.08100000,5.19240000,4830448.15000000,4830448.15000000
2020-12-25,5.11020000,5.28810000,5.04070000,5.20990000,5.11020000,5.28810000,5.04070000,5.20990000,5278806.02000000,5278806.02000000
2020-12-24,4.71490000,5.20130000,4.62980000,5.11160000,4.71490000,5.20130000,4.62980000,5.11160000,8292421.99000000,8292421.99000000
2020-12-23,5.15250000,5.19110000,4.58590000,4.71490000,5.15250000,5.19110000,4.58590000,4.71490000,8098117.21000000,8098117.21000000
2020-12-22,4.87070000,5.21000000,4.79740000,5.15500000,4.87070000,5.21000000,4.79740000,5.15500000,8558735.42000000,8558735.42000000
2020-12-21,5.18660000,5.44830000,4.77320000,4.87020000,5.18660000,5.44830000,4.77320000,4.87020000,7796554.96000000,7796554.96000000
2020-12-20,5.33640000,5.43740000,5.07230000,5.18680000,5.33640000,5.43740000,5.07230000,5.18680000,6165710.95000000,6165710.95000000
2020-12-19,5.35920000,5.57700000,5.27660000,5.33580000,5.35920000,5.57700000,5.27660000,5.33580000,5524007.44000000,5524007.44000000
2020-12-18,5.34270000,5.50970000,5.24500000,5.35490000,5.34270000,5.50970000,5.24500000,5.35490000,5673140.98000000,5673140.98000000
2020-12-17,5.36340000,5.74980000,5.26700000,5.34550000,5.36340000,5.74980000,5.26700000,5.34550000,11536864.68000000,11536864.68000000
2020-12-16,5.24000000,5.37400000,5.11500000,5.36470000,5.24000000,5.37400000,5.11500000,5.36470000,7988631.33000000,7988631.33000000
2020-12-15,4.89780000,5.29110000,4.84450000,5.23910000,4.89780000,5.29110000,4.84450000,5.23910000,5957058.68000000,5957058.68000000
2020-12-14,4.89660000,5.00940000,4.82640000,4.89690000,4.89660000,5.00940000,4.82640000,4.89690000,2543847.20000000,2543847.20000000
2020-12-13,4.73810000,5.10000000,4.72500000,4.89570000,4.73810000,5.10000000,4.72500000,4.89570000,3939252.37000000,3939252.37000000
2020-12-12,4.61020000,4.79890000,4.60700000,4.73850000,4.61020000,4.79890000,4.60700000,4.73850000,2757351.25000000,2757351.25000000
2020-12-11,4.80260000,4.81530000,4.54000000,4.61200000,4.80260000,4.81530000,4.54000000,4.61200000,3915723.68000000,3915723.68000000
2020-12-10,4.87320000,4.91670000,4.70000000,4.80030000,4.87320000,4.91670000,4.70000000,4.80030000,2575244.64000000,2575244.64000000
2020-12-09,4.73780000,4.93920000,4.61670000,4.87280000,4.73780000,4.93920000,4.61670000,4.87280000,5290274.94000000,5290274.94000000
2020-12-08,5.05680000,5.07110000,4.70000000,4.73990000,5.05680000,5.07110000,4.70000000,4.73990000,5044001.16000000,5044001.16000000
2020-12-07,5.12930000,5.15640000,5.01070000,5.05690000,5.12930000,5.15640000,5.01070000,5.05690000,2453405.21000000,2453405.21000000
2020-12-06,5.18170000,5.20680000,5.00000000,5.12680000,5.18170000,5.20680000,5.00000000,5.12680000,2749760.54000000,2749760.54000000
2020-12-05,5.00000000,5.19250000,4.87670000,5.18060000,5.00000000,5.19250000,4.87670000,5.18060000,4496795.32000000,4496795.32000000
2020-12-04,5.39820000,5.43360000,4.95530000,5.00000000,5.39820000,5.43360000,4.95530000,5.00000000,5569105.06000000,5569105.06000000
2020-12-03,5.45830000,5.56790000,5.32100000,5.39970000,5.45830000,5.56790000,5.32100000,5.39970000,5002283.03000000,5002283.03000000
2020-12-02,5.08240000,5.54590000,4.99940000,5.46450000,5.08240000,5.54590000,4.99940000,5.46450000,7081941.51000000,7081941.51000000
2020-12-01,5.37800000,5.54290000,4.92000000,5.08060000,5.37800000,5.54290000,4.92000000,5.08060000,10943827.45000000,10943827.45000000
2020-11-30,5.19200000,5.44760000,5.13330000,5.37670000,5.19200000,5.44760000,5.13330000,5.37670000,9070457.89000000,9070457.89000000
2020-11-29,4.89250000,5.20590000,4.80000000,5.19200000,4.89250000,5.20590000,4.80000000,5.19200000,5392525.95000000,5392525.95000000
2020-11-28,4.81480000,4.95450000,4.67000000,4.89390000,4.81480000,4.95450000,4.67000000,4.89390000,5004579.77000000,5004579.77000000
2020-11-27,4.80910000,5.07520000,4.49690000,4.81510000,4.80910000,5.07520000,4.49690000,4.81510000,8464913.51000000,8464913.51000000
2020-11-26,5.30000000,5.37710000,4.43420000,4.80900000,5.30000000,5.37710000,4.43420000,4.80900000,20179716.49000000,20179716.49000000
2020-11-25,5.73050000,5.83280000,5.13000000,5.30180000,5.73050000,5.83280000,5.13000000,5.30180000,10948123.70000000,10948123.70000000
2020-11-24,5.90630000,6.08570000,5.60500000,5.73340000,5.90630000,6.08570000,5.60500000,5.73340000,15057227.46000000,15057227.46000000
2020-11-23,5.51600000,5.96000000,5.41500000,5.90930000,5.51600000,5.96000000,5.41500000,5.90930000,14908169.22000000,14908169.22000000
2020-11-22,5.78220000,5.84530000,5.17020000,5.52400000,5.78220000,5.84530000,5.17020000,5.52400000,12275138.21000000,12275138.21000000
2020-11-21,5.23010000,5.81370000,5.12850000,5.78240000,5.23010000,5.81370000,5.12850000,5.78240000,14938158.71000000,14938158.71000000
2020-11-20,4.75570000,5.47140000,4.74040000,5.23000000,4.75570000,5.47140000,4.74040000,5.23000000,17934442.25000000,17934442.25000000
2020-11-19,4.67910000,4.85000000,4.53990000,4.75670000,4.67910000,4.85000000,4.53990000,4.75670000,7976959.23000000,7976959.23000000
2020-11-18,4.85740000,4.94500000,4.49500000,4.67970000,4.85740000,4.94500000,4.49500000,4.67970000,11415111.58000000,11415111.58000000
2020-11-17,4.49860000,4.93480000,4.48820000,4.85690000,4.49860000,4.93480000,4.48820000,4.85690000,13923587.21000000,13923587.21000000
2020-11-16,4.36590000,4.60000000,4.33530000,4.49830000,4.36590000,4.60000000,4.33530000,4.49830000,6702906.33000000,6702906.33000000
2020-11-15,4.46560000,4.50270000,4.30630000,4.36640000,4.46560000,4.50270000,4.30630000,4.36640000,4897453.63000000,4897453.63000000
2020-11-14,4.54010000,4.55490000,4.35170000,4.46370000,4.54010000,4.55490000,4.35170000,4.46370000,5232906.42000000,5232906.42000000
2020-11-13,4.40420000,4.59180000,4.36940000,4.54250000,4.40420000,4.59180000,4.36940000,4.54250000,5539505.41000000,5539505.41000000
2020-11-12,4.44600000,4.47580000,4.31030000,4.40420000,4.44600000,4.47580000,4.31030000,4.40420000,4584711.89000000,4584711.89000000
2020-11-11,4.42300000,4.63000000,4.41680000,4.44610000,4.42300000,4.63000000,4.41680000,4.44610000,6264704.63000000,6264704.63000000
2020-11-10,4.34760000,4.50610000,4.29980000,4.42310000,4.34760000,4.50610000,4.29980000,4.42310000,5197286.34000000,5197286.34000000
2020-11-09,4.37330000,4.46390000,4.23950000,4.34630000,4.37330000,4.46390000,4.23950000,4.34630000,5918543.00000000,5918543.00000000
2020-11-08,4.23110000,4.42750000,4.13000000,4.37360000,4.23110000,4.42750000,4.13000000,4.37360000,5332066.66000000,5332066.66000000
2020-11-07,4.58370000,4.85860000,4.08000000,4.23410000,4.58370000,4.85860000,4.08000000,4.23410000,15757508.90000000,15757508.90000000
2020-11-06,4.22480000,4.64000000,4.20200000,4.58260000,4.22480000,4.64000000,4.20200000,4.58260000,8938274.32000000,8938274.32000000
2020-11-05,4.09880000,4.30000000,4.01050000,4.22290000,4.09880000,4.30000000,4.01050000,4.22290000,6288599.56000000,6288599.56000000
2020-11-04,4.03770000,4.15560000,3.89150000,4.09690000,4.03770000,4.15560000,3.89150000,4.09690000,7425623.62000000,7425623.62000000
2020-11-03,4.02720000,4.06940000,3.88420000,4.03620000,4.02720000,4.06940000,3.88420000,4.03620000,5133339.46000000,5133339.46000000
2020-11-02,4.22110000,4.26270000,3.96000000,4.03160000,4.22110000,4.26270000,3.96000000,4.03160000,5197343.74000000,5197343.74000000
2020-11-01,4.18330000,4.22500000,4.10790000,4.22110000,4.18330000,4.22500000,4.10790000,4.22110000,2456433.20000000,2456433.20000000
2020-10-31,4.08430000,4.28200000,4.05740000,4.18540000,4.08430000,4.28200000,4.05740000,4.18540000,3270318.58000000,3270318.58000000
2020-10-30,4.06050000,4.16200000,3.91530000,4.08450000,4.06050000,4.16200000,3.91530000,4.08450000,7322005.17000000,7322005.17000000
2020-10-29,4.35690000,4.41150000,3.84690000,4.06050000,4.35690000,4.41150000,3.84690000,4.06050000,10671185.96000000,10671185.96000000
2020-10-28,4.67230000,4.78000000,4.25200000,4.35700000,4.67230000,4.78000000,4.25200000,4.35700000,9278337.14000000,9278337.14000000
2020-10-27,4.70640000,4.95000000,4.64290000,4.67210000,4.70640000,4.95000000,4.64290000,4.67210000,10646881.65000000,10646881.65000000
2020-10-26,4.33150000,4.74750000,4.29060000,4.70310000,4.33150000,4.74750000,4.29060000,4.70310000,11305772.22000000,11305772.22000000
2020-10-25,4.35000000,4.44950000,4.25880000,4.33100000,4.35000000,4.44950000,4.25880000,4.33100000,4100261.59000000,4100261.59000000
2020-10-24,4.26400000,4.43000000,4.23810000,4.35360000,4.26400000,4.43000000,4.23810000,4.35360000,4486543.97000000,4486543.97000000
2020-10-23,4.26960000,4.48000000,4.18500000,4.26330000,4.26960000,4.48000000,4.18500000,4.26330000,8353056.52000000,8353056.52000000
2020-10-22,4.13290000,4.33800000,4.12340000,4.26830000,4.13290000,4.33800000,4.12340000,4.26830000,5757990.79000000,5757990.79000000
2020-10-21,3.90340000,4.26000000,3.89070000,4.13520000,3.90340000,4.26000000,3.89070000,4.13520000,7288864.80000000,7288864.80000000
2020-10-20,3.98430000,4.14900000,3.86410000,3.90340000,3.98430000,4.14900000,3.86410000,3.90340000,5741108.49000000,5741108.49000000
2020-10-19,4.10700000,4.12290000,3.95010000,3.98600000,4.10700000,4.12290000,3.95010000,3.98600000,2740611.47000000,2740611.47000000
2020-10-18,3.96520000,4.12500000,3.95400000,4.10680000,3.96520000,4.12500000,3.95400000,4.10680000,2456005.50000000,2456005.50000000
2020-10-17,3.91320000,3.97990000,3.86070000,3.96630000,3.91320000,3.97990000,3.86070000,3.96630000,1738606.63000000,1738606.63000000
2020-10-16,4.09900000,4.15620000,3.80000000,3.91060000,4.09900000,4.15620000,3.80000000,3.91060000,5544038.18000000,5544038.18000000
2020-10-15,4.18160000,4.18730000,4.02000000,4.09900000,4.18160000,4.18730000,4.02000000,4.09900000,3826663.78000000,3826663.78000000
2020-10-14,4.25150000,4.37950000,4.08360000,4.18290000,4.25150000,4.37950000,4.08360000,4.18290000,5239195.66000000,5239195.66000000
2020-10-13,4.30990000,4.34640000,4.13020000,4.24730000,4.30990000,4.34640000,4.13020000,4.24730000,4643179.26000000,4643179.26000000
2020-10-12,4.24640000,4.45010000,4.18990000,4.30750000,4.24640000,4.45010000,4.18990000,4.30750000,6228123.12000000,6228123.12000000
2020-10-11,4.25790000,4.33550000,4.16830000,4.24500000,4.25790000,4.33550000,4.16830000,4.24500000,3675666.58000000,3675666.58000000
2020-10-10,4.25460000,4.48900000,4.23000000,4.26060000,4.25460000,4.48900000,4.23000000,4.26060000,5182487.56000000,5182487.56000000
2020-10-09,4.11450000,4.35000000,4.00870000,4.25410000,4.11450000,4.35000000,4.00870000,4.25410000,6400372.85000000,6400372.85000000
2020-10-08,3.85380000,4.16250000,3.63330000,4.11630000,3.85380000,4.16250000,3.63330000,4.11630000,8531658.60000000,8531658.60000000
2020-10-07,3.74610000,3.89640000,3.60000000,3.85170000,3.74610000,3.89640000,3.60000000,3.85170000,8599075.85000000,8599075.85000000
2020-10-06,4.15890000,4.18000000,3.60600000,3.74650000,4.15890000,4.18000000,3.60600000,3.74650000,9256379.98000000,9256379.98000000
2020-10-05,4.17440000,4.25000000,4.10600000,4.16210000,4.17440000,4.25000000,4.10600000,4.16210000,4362181.16000000,4362181.16000000
2020-10-04,4.06060000,4.19900000,4.01110000,4.17700000,4.06060000,4.19900000,4.01110000,4.17700000,2792994.50000000,2792994.50000000
2020-10-03,4.12800000,4.13490000,4.02630000,4.06070000,4.12800000,4.13490000,4.02630000,4.06070000,3078936.51000000,3078936.51000000
2020-10-02,4.34270000,4.36210000,3.88820000,4.12820000,4.34270000,4.36210000,3.88820000,4.12820000,7748588.83000000,7748588.83000000
2020-10-01,4.34590000,4.58580000,4.23170000,4.34680000,4.34590000,4.58580000,4.23170000,4.34680000,7358246.56000000,7358246.56000000
2020-09-30,4.49700000,4.50000000,4.22880000,4.34580000,4.49700000,4.50000000,4.22880000,4.34580000,4418266.77000000,4418266.77000000
2020-09-29,4.45000000,4.61120000,4.33100000,4.49690000,4.45000000,4.61120000,4.33100000,4.49690000,7753017.85000000,7753017.85000000
2020-09-28,4.29990000,4.59390000,4.24740000,4.45010000,4.29990000,4.59390000,4.24740000,4.45010000,9835916.81000000,9835916.81000000
2020-09-27,4.33290000,4.36410000,4.11520000,4.29620000,4.33290000,4.36410000,4.11520000,4.29620000,3814327.15000000,3814327.15000000
2020-09-26,4.41390000,4.48190000,4.22400000,4.33080000,4.41390000,4.48190000,4.22400000,4.33080000,3890876.06000000,3890876.06000000
2020-09-25,4.37840000,4.52990000,4.24100000,4.41390000,4.37840000,4.52990000,4.24100000,4.41390000,6666492.08000000,6666492.08000000
2020-09-24,4.01280000,4.49000000,3.96160000,4.37820000,4.01280000,4.49000000,3.96160000,4.37820000,8363967.02000000,8363967.02000000
2020-09-23,4.16230000,4.32410000,3.94000000,4.00770000,4.16230000,4.32410000,3.94000000,4.00770000,9432617.01000000,9432617.01000000
2020-09-22,4.07000000,4.21030000,3.90000000,4.16250000,4.07000000,4.21030000,3.90000000,4.16250000,8023448.28000000,8023448.28000000
2020-09-21,4.65600000,4.69690000,3.91000000,4.06910000,4.65600000,4.69690000,3.91000000,4.06910000,18249034.01000000,18249034.01000000
2020-09-20,4.92050000,4.97070000,4.37150000,4.65180000,4.92050000,4.97070000,4.37150000,4.65180000,11400427.77000000,11400427.77000000
2020-09-19,5.25950000,5.26400000,4.78620000,4.92400000,5.25950000,5.26400000,4.78620000,4.92400000,6124417.44000000,6124417.44000000
2020-09-18,5.33130000,5.45500000,5.09390000,5.26160000,5.33130000,5.45500000,5.09390000,5.26160000,7241901.56000000,7241901.56000000
2020-09-17,5.07390000,5.42610000,5.04300000,5.33540000,5.07390000,5.42610000,5.04300000,5.33540000,10973999.33000000,10973999.33000000
2020-09-16,5.05350000,5.28000000,4.95780000,5.07120000,5.05350000,5.28000000,4.95780000,5.07120000,8102718.15000000,8102718.15000000
2020-09-15,5.35970000,5.45000000,5.01200000,5.05350000,5.35970000,5.45000000,5.01200000,5.05350000,10306445.21000000,10306445.21000000
2020-09-14,5.31980000,5.57610000,5.09110000,5.35550000,5.31980000,5.57610000,5.09110000,5.35550000,14288009.60000000,14288009.60000000
2020-09-13,5.13790000,5.47710000,4.76680000,5.32130000,5.13790000,5.47710000,4.76680000,5.32130000,16262645.74000000,16262645.74000000
2020-09-12,4.64330000,5.29600000,4.49980000,5.13850000,4.64330000,5.29600000,4.49980000,5.13850000,12566058.18000000,12566058.18000000
2020-09-11,4.57810000,4.75000000,4.31000000,4.64980000,4.57810000,4.75000000,4.31000000,4.64980000,9013005.18000000,9013005.18000000
2020-09-10,4.70030000,4.88940000,4.43080000,4.57960000,4.70030000,4.88940000,4.43080000,4.57960000,9912392.07000000,9912392.07000000
2020-09-09,4.26570000,4.79350000,4.07700000,4.70030000,4.26570000,4.79350000,4.07700000,4.70030000,11225976.14000000,11225976.14000000
2020-09-08,4.59670000,4.63390000,4.10670000,4.27870000,4.59670000,4.63390000,4.10670000,4.27870000,10449746.70000000,10449746.70000000
2020-09-07,4.78490000,4.83670000,4.00100000,4.59440000,4.78490000,4.83670000,4.00100000,4.59440000,16089613.82000000,16089613.82000000
2020-09-06,4.14560000,4.92100000,3.72980000,4.78400000,4.14560000,4.92100000,3.72980000,4.78400000,23608694.54000000,23608694.54000000
2020-09-05,5.09870000,5.31470000,3.53210000,4.14560000,5.09870000,5.31470000,3.53210000,4.14560000,32791302.31000000,32791302.31000000
2020-09-04,5.67430000,5.99000000,4.50000000,5.10190000,5.67430000,5.99000000,4.50000000,5.10190000,28314850.39000000,28314850.39000000
2020-09-03,6.13750000,6.33250000,5.54710000,5.67430000,6.13750000,6.33250000,5.54710000,5.67430000,21239867.51000000,21239867.51000000
2020-09-02,6.24000000,6.44720000,5.58000000,6.13740000,6.24000000,6.44720000,5.58000000,6.13740000,15500500.04000000,15500500.04000000
2020-09-01,6.27120000,6.86190000,6.12000000,6.23900000,6.27120000,6.86190000,6.12000000,6.23900000,16330264.82000000,16330264.82000000
2020-08-31,5.88750000,6.46620000,5.75410000,6.27180000,5.88750000,6.46620000,5.75410000,6.27180000,13564047.71000000,13564047.71000000
2020-08-30,6.13390000,6.25100000,5.69990000,5.89120000,6.13390000,6.25100000,5.69990000,5.89120000,13266535.91000000,13266535.91000000
2020-08-29,6.17690000,6.55600000,6.00320000,6.13330000,6.17690000,6.55600000,6.00320000,6.13330000,15360444.96000000,15360444.96000000
2020-08-28,5.65690000,6.35000000,5.46200000,6.18120000,5.65690000,6.35000000,5.46200000,6.18120000,24019172.63000000,24019172.63000000
2020-08-27,6.07080000,6.80000000,5.20010000,5.65470000,6.07080000,6.80000000,5.20010000,5.65470000,42626336.42000000,42626336.42000000
2020-08-26,5.54120000,6.57000000,5.10150000,6.07080000,5.54120000,6.57000000,5.10150000,6.07080000,37811519.74000000,37811519.74000000
2020-08-25,4.57590000,5.77000000,4.48000000,5.54120000,4.57590000,5.77000000,4.48000000,5.54120000,39457369.99000000,39457369.99000000
2020-08-24,3.98050000,4.79830000,3.78000000,4.57590000,3.98050000,4.79830000,3.78000000,4.57590000,25843953.12000000,25843953.12000000
2020-08-23,4.47560000,4.48640000,3.70320000,3.97790000,4.47560000,4.48640000,3.70320000,3.97790000,23845309.65000000,23845309.65000000
2020-08-22,2.83870000,4.55000000,2.78200000,4.45460000,2.83870000,4.55000000,2.78200000,4.45460000,41611476.51000000,41611476.51000000
2020-08-21,2.89780000,3.09000000,2.68260000,2.83300000,2.89780000,3.09000000,2.68260000,2.83300000,9765153.74000000,9765153.74000000
2020-08-20,2.94490000,3.11110000,2.60000000,2.90000000,2.94490000,3.11110000,2.60000000,2.90000000,11040863.60000000,11040863.60000000
2020-08-19,3.10000000,3.19990000,2.64000000,2.95000000,3.10000000,3.19990000,2.64000000,2.95000000,15895774.92000000,15895774.92000000
2020-08-18,2.09000000,4.44000000,2.00000000,3.10000000,2.09000000,4.44000000,2.00000000,3.10000000,6039881.97000000,6039881.97000000
