timestamp,open (USD),high (USD),low (USD),close (USD),open (USD),high (USD),low (USD),close (USD),volume,market cap (USD)
2021-11-11,92.92000000,93.13000000,90.27000000,90.86000000,92.92000000,93.13000000,90.27000000,90.86000000,8399.77000000,8399.77000000
2021-11-10,103.28000000,104.14000000,85.00000000,92.73000000,103.28000000,104.14000000,85.00000000,92.73000000,444608.56000000,444608.56000000
2021-11-09,90.97000000,109.68000000,89.08000000,103.28000000,90.97000000,109.68000000,89.08000000,103.28000000,704050.84000000,704050.84000000
2021-11-08,84.55000000,94.43000000,83.53000000,91.04000000,84.55000000,94.43000000,83.53000000,91.04000000,329134.03000000,329134.03000000
2021-11-07,83.16000000,86.13000000,82.19000000,84.64000000,83.16000000,86.13000000,82.19000000,84.64000000,82158.65000000,82158.65000000
2021-11-06,85.41000000,87.13000000,80.10000000,83.22000000,85.41000000,87.13000000,80.10000000,83.22000000,90815.49000000,90815.49000000
2021-11-05,84.64000000,88.69000000,83.20000000,85.48000000,84.64000000,88.69000000,83.20000000,85.48000000,134525.41000000,134525.41000000
2021-11-04,86.13000000,91.06000000,81.62000000,84.58000000,86.13000000,91.06000000,81.62000000,84.58000000,257887.13000000,257887.13000000
2021-11-03,85.30000000,86.97000000,80.52000000,86.13000000,85.30000000,86.97000000,80.52000000,86.13000000,202208.14000000,202208.14000000
2021-11-02,86.77000000,91.34000000,84.83000000,85.30000000,86.77000000,91.34000000,84.83000000,85.30000000,250114.72000000,250114.72000000
2021-11-01,87.81000000,89.86000000,81.62000000,86.82000000,87.81000000,89.86000000,81.62000000,86.82000000,427046.40000000,427046.40000000
2021-10-31,78.06000000,128.80000000,77.64000000,87.81000000,78.06000000,128.80000000,77.64000000,87.81000000,2469553.88464000,2469553.88464000
2021-10-30,78.61000000,78.83000000,74.33000000,78.06000000,78.61000000,78.83000000,74.33000000,78.06000000,138696.09000000,138696.09000000
2021-10-29,76.10000000,79.53000000,75.06000000,78.52000000,76.10000000,79.53000000,75.06000000,78.52000000,121059.35000000,121059.35000000
2021-10-28,74.16000000,77.09000000,71.87000000,75.95000000,74.16000000,77.09000000,71.87000000,75.95000000,178347.73000000,178347.73000000
2021-10-27,85.18000000,86.35000000,69.50000000,74.12000000,85.18000000,86.35000000,69.50000000,74.12000000,266895.48000000,266895.48000000
2021-10-26,89.53000000,89.59000000,83.46000000,85.22000000,89.53000000,89.59000000,83.46000000,85.22000000,158053.43000000,158053.43000000
2021-10-25,91.19000000,93.43000000,88.68000000,89.53000000,91.19000000,93.43000000,88.68000000,89.53000000,115213.78000000,115213.78000000
2021-10-24,89.08000000,94.79000000,88.05000000,91.21000000,89.08000000,94.79000000,88.05000000,91.21000000,164790.90000000,164790.90000000
2021-10-23,87.50000000,91.79000000,86.42000000,89.07000000,87.50000000,91.79000000,86.42000000,89.07000000,181998.10000000,181998.10000000
2021-10-22,86.37000000,88.88000000,84.40000000,87.53000000,86.37000000,88.88000000,84.40000000,87.53000000,147163.41000000,147163.41000000
2021-10-21,82.94000000,87.06000000,80.50000000,86.38000000,82.94000000,87.06000000,80.50000000,86.38000000,226496.78000000,226496.78000000
2021-10-20,77.81000000,83.80000000,77.51000000,82.92000000,77.81000000,83.80000000,77.51000000,82.92000000,168784.16000000,168784.16000000
2021-10-19,78.82000000,84.00000000,75.98000000,77.82000000,78.82000000,84.00000000,75.98000000,77.82000000,212864.66000000,212864.66000000
2021-10-18,79.11000000,82.59000000,75.88000000,78.89000000,79.11000000,82.59000000,75.88000000,78.89000000,220896.44000000,220896.44000000
2021-10-17,78.75000000,79.30000000,73.05000000,79.12000000,78.75000000,79.30000000,73.05000000,79.12000000,104797.19000000,104797.19000000
2021-10-16,78.79000000,82.90000000,78.07000000,78.67000000,78.79000000,82.90000000,78.07000000,78.67000000,107101.58000000,107101.58000000
2021-10-15,77.88000000,79.84000000,73.95000000,78.76000000,77.88000000,79.84000000,73.95000000,78.76000000,142059.79000000,142059.79000000
2021-10-14,73.29000000,79.76000000,72.43000000,77.80000000,73.29000000,79.76000000,72.43000000,77.80000000,191601.06000000,191601.06000000
2021-10-13,72.57000000,73.48000000,69.74000000,73.22000000,72.57000000,73.48000000,69.74000000,73.22000000,82613.25000000,82613.25000000
2021-10-12,74.61000000,74.61000000,69.01000000,72.45000000,74.61000000,74.61000000,69.01000000,72.45000000,118397.26000000,118397.26000000
2021-10-11,74.33000000,78.05000000,72.39000000,74.72000000,74.33000000,78.05000000,72.39000000,74.72000000,87184.87000000,87184.87000000
2021-10-10,80.15000000,80.27000000,73.79000000,74.34000000,80.15000000,80.27000000,73.79000000,74.34000000,75868.93000000,75868.93000000
2021-10-09,78.17000000,81.74000000,77.19000000,80.12000000,78.17000000,81.74000000,77.19000000,80.12000000,111440.01000000,111440.01000000
2021-10-08,78.64000000,86.30000000,77.50000000,78.04000000,78.64000000,86.30000000,77.50000000,78.04000000,208349.56000000,208349.56000000
2021-10-07,79.01000000,81.50000000,75.32000000,78.63000000,79.01000000,81.50000000,75.32000000,78.63000000,166963.99000000,166963.99000000
2021-10-06,78.11000000,82.86000000,71.03000000,79.02000000,78.11000000,82.86000000,71.03000000,79.02000000,245332.37000000,245332.37000000
2021-10-05,75.34000000,78.77000000,74.20000000,78.11000000,75.34000000,78.77000000,74.20000000,78.11000000,115448.11000000,115448.11000000
2021-10-04,77.70000000,77.85000000,71.48000000,75.31000000,77.70000000,77.85000000,71.48000000,75.31000000,173179.29000000,173179.29000000
2021-10-03,75.12000000,80.47000000,73.40000000,77.80000000,75.12000000,80.47000000,73.40000000,77.80000000,132563.39000000,132563.39000000
2021-10-02,75.41000000,78.19000000,72.97000000,75.17000000,75.41000000,78.19000000,72.97000000,75.17000000,102408.40000000,102408.40000000
2021-10-01,69.16000000,75.48000000,68.14000000,75.41000000,69.16000000,75.48000000,68.14000000,75.41000000,286051.47000000,286051.47000000
2021-09-30,65.03000000,69.88000000,64.81000000,69.17000000,65.03000000,69.88000000,64.81000000,69.17000000,151554.61000000,151554.61000000
2021-09-29,63.12000000,67.50000000,62.91000000,65.07000000,63.12000000,67.50000000,62.91000000,65.07000000,104263.33000000,104263.33000000
2021-09-28,65.33000000,67.61000000,62.44000000,63.15000000,65.33000000,67.61000000,62.44000000,63.15000000,193582.53000000,193582.53000000
2021-09-27,65.94000000,70.69000000,64.60000000,65.34000000,65.94000000,70.69000000,64.60000000,65.34000000,158853.15000000,158853.15000000
2021-09-26,67.58000000,70.00000000,60.77000000,66.05000000,67.58000000,70.00000000,60.77000000,66.05000000,323280.17141000,323280.17141000
2021-09-25,67.94000000,69.70000000,64.89000000,67.51000000,67.94000000,69.70000000,64.89000000,67.51000000,133775.10000000,133775.10000000
2021-09-24,78.21000000,78.71000000,64.20000000,67.88000000,78.21000000,78.71000000,64.20000000,67.88000000,410366.89954000,410366.89954000
2021-09-23,78.76000000,79.49000000,73.79000000,78.28000000,78.76000000,79.49000000,73.79000000,78.28000000,181415.69000000,181415.69000000
2021-09-22,68.55000000,79.19000000,67.09000000,78.88000000,68.55000000,79.19000000,67.09000000,78.88000000,155228.65000000,155228.65000000
2021-09-21,76.20000000,79.11000000,67.31000000,68.54000000,76.20000000,79.11000000,67.31000000,68.54000000,212805.95674000,212805.95674000
2021-09-20,92.64000000,92.84000000,75.05000000,76.21000000,92.64000000,92.84000000,75.05000000,76.21000000,235289.06000000,235289.06000000
2021-09-19,95.57000000,95.83000000,90.80000000,92.74000000,95.57000000,95.83000000,90.80000000,92.74000000,87708.67000000,87708.67000000
2021-09-18,93.94000000,98.20000000,92.45000000,95.54000000,93.94000000,98.20000000,92.45000000,95.54000000,108716.53000000,108716.53000000
2021-09-17,102.71000000,102.96000000,92.81000000,94.00000000,102.71000000,102.96000000,92.81000000,94.00000000,281321.91000000,281321.91000000
2021-09-16,108.51000000,115.00000000,98.10000000,102.66000000,108.51000000,115.00000000,98.10000000,102.66000000,793521.44000000,793521.44000000
2021-09-15,85.34000000,120.00000000,83.82000000,108.50000000,85.34000000,120.00000000,83.82000000,108.50000000,719990.30916000,719990.30916000
2021-09-14,80.50000000,85.52000000,79.42000000,85.42000000,80.50000000,85.52000000,79.42000000,85.42000000,102133.57000000,102133.57000000
2021-09-13,84.30000000,85.44000000,75.00000000,80.50000000,84.30000000,85.44000000,75.00000000,80.50000000,142914.92000000,142914.92000000
2021-09-12,80.64000000,85.65000000,79.29000000,84.40000000,80.64000000,85.65000000,79.29000000,84.40000000,97442.67000000,97442.67000000
2021-09-11,79.23000000,85.00000000,77.78000000,80.72000000,79.23000000,85.00000000,77.78000000,80.72000000,115763.66000000,115763.66000000
2021-09-10,88.36000000,88.83000000,76.62000000,79.05000000,88.36000000,88.83000000,76.62000000,79.05000000,146899.52000000,146899.52000000
2021-09-09,80.85000000,88.49000000,78.10000000,88.35000000,80.85000000,88.49000000,78.10000000,88.35000000,187545.54000000,187545.54000000
2021-09-08,82.20000000,84.68000000,71.40000000,80.86000000,82.20000000,84.68000000,71.40000000,80.86000000,301654.90830000,301654.90830000
2021-09-07,105.55000000,105.76000000,72.40000000,82.08000000,105.55000000,105.76000000,72.40000000,82.08000000,471349.84180000,471349.84180000
2021-09-06,108.16000000,110.84000000,103.36000000,105.55000000,108.16000000,110.84000000,103.36000000,105.55000000,130390.11111000,130390.11111000
2021-09-05,103.10000000,110.00000000,102.06000000,108.03000000,103.10000000,110.00000000,102.06000000,108.03000000,121088.42556000,121088.42556000
2021-09-04,105.45000000,108.90000000,101.00000000,102.93000000,105.45000000,108.90000000,101.00000000,102.93000000,164928.66399000,164928.66399000
2021-09-03,92.68000000,106.00000000,91.52000000,105.46000000,92.68000000,106.00000000,91.52000000,105.46000000,292242.74130000,292242.74130000
2021-09-02,92.66000000,95.49000000,90.55000000,92.76000000,92.66000000,95.49000000,90.55000000,92.76000000,176908.93130000,176908.93130000
2021-09-01,92.24000000,94.63000000,88.80000000,92.63000000,92.24000000,94.63000000,88.80000000,92.63000000,144792.55568000,144792.55568000
2021-08-31,87.33000000,93.99000000,84.43000000,92.28000000,87.33000000,93.99000000,84.43000000,92.28000000,229871.65610000,229871.65610000
2021-08-30,87.97000000,93.00000000,85.97000000,87.31000000,87.97000000,93.00000000,85.97000000,87.31000000,250552.38398000,250552.38398000
2021-08-29,83.31000000,90.00000000,81.20000000,87.97000000,83.31000000,90.00000000,81.20000000,87.97000000,166767.21208000,166767.21208000
2021-08-28,86.68000000,89.00000000,82.38000000,83.25000000,86.68000000,89.00000000,82.38000000,83.25000000,163689.00356000,163689.00356000
2021-08-27,80.12000000,86.90000000,76.75000000,86.72000000,80.12000000,86.90000000,76.75000000,86.72000000,217745.78008000,217745.78008000
2021-08-26,84.44800000,85.67800000,77.24500000,80.10000000,84.44800000,85.67800000,77.24500000,80.10000000,204164.42585000,204164.42585000
2021-08-25,80.02600000,91.73000000,79.60000000,84.44700000,80.02600000,91.73000000,79.60000000,84.44700000,506946.04667000,506946.04667000
2021-08-24,79.69000000,82.73000000,74.20000000,80.04900000,79.69000000,82.73000000,74.20000000,80.04900000,252622.36994000,252622.36994000
2021-08-23,75.03600000,81.24800000,74.95900000,79.76200000,75.03600000,81.24800000,74.95900000,79.76200000,226958.08070000,226958.08070000
2021-08-22,76.99300000,77.95000000,72.12700000,75.17900000,76.99300000,77.95000000,72.12700000,75.17900000,147889.94329000,147889.94329000
2021-08-21,75.34800000,77.90000000,71.08000000,77.04400000,75.34800000,77.90000000,71.08000000,77.04400000,181213.16913000,181213.16913000
2021-08-20,72.52500000,75.63500000,70.89100000,75.31800000,72.52500000,75.63500000,70.89100000,75.31800000,137071.90255000,137071.90255000
2021-08-19,66.97000000,74.14900000,64.40000000,72.52500000,66.97000000,74.14900000,64.40000000,72.52500000,196291.57572000,196291.57572000
2021-08-18,68.89900000,70.11600000,63.33400000,66.87900000,68.89900000,70.11600000,63.33400000,66.87900000,184635.09836000,184635.09836000
2021-08-17,73.26400000,78.66000000,68.32800000,68.74900000,73.26400000,78.66000000,68.32800000,68.74900000,289792.54831000,289792.54831000
2021-08-16,72.70000000,76.33300000,72.09500000,73.19500000,72.70000000,76.33300000,72.09500000,73.19500000,201010.10291000,201010.10291000
2021-08-15,71.91600000,73.99800000,68.60000000,72.70100000,71.91600000,73.99800000,68.60000000,72.70100000,158097.29399000,158097.29399000
2021-08-14,75.47700000,75.75100000,69.61900000,71.86200000,75.47700000,75.75100000,69.61900000,71.86200000,134072.67663000,134072.67663000
2021-08-13,68.22800000,75.71700000,67.34400000,75.44400000,68.22800000,75.71700000,67.34400000,75.44400000,111931.93059000,111931.93059000
2021-08-12,71.39000000,77.00000000,65.79200000,68.14800000,71.39000000,77.00000000,65.79200000,68.14800000,191019.50515000,191019.50515000
2021-08-11,70.71100000,75.28700000,69.86200000,71.43500000,70.71100000,75.28700000,69.86200000,71.43500000,161841.56233000,161841.56233000
2021-08-10,66.40700000,73.99800000,65.19600000,70.58000000,66.40700000,73.99800000,65.19600000,70.58000000,201280.67464000,201280.67464000
2021-08-09,63.04000000,67.30000000,60.75200000,66.36500000,63.04000000,67.30000000,60.75200000,66.36500000,137509.55929000,137509.55929000
2021-08-08,67.40100000,69.59100000,61.84000000,63.00500000,67.40100000,69.59100000,61.84000000,63.00500000,254577.18762000,254577.18762000
2021-08-07,65.37900000,68.19500000,64.38800000,67.40100000,65.37900000,68.19500000,64.38800000,67.40100000,156156.40247000,156156.40247000
2021-08-06,64.65000000,66.91100000,62.80500000,65.39500000,64.65000000,66.91100000,62.80500000,65.39500000,135205.37634000,135205.37634000
2021-08-05,60.12200000,66.29700000,59.19400000,64.60000000,60.12200000,66.29700000,59.19400000,64.60000000,216437.88239000,216437.88239000
2021-08-04,58.08800000,60.70000000,57.34000000,60.01600000,58.08800000,60.70000000,57.34000000,60.01600000,80552.82521000,80552.82521000
2021-08-03,57.23100000,58.73300000,54.80000000,58.11000000,57.23100000,58.73300000,54.80000000,58.11000000,93595.89274000,93595.89274000
2021-08-02,56.01000000,58.40000000,55.55700000,57.28100000,56.01000000,58.40000000,55.55700000,57.28100000,116320.76063000,116320.76063000
2021-08-01,58.60400000,61.50000000,55.21300000,55.98700000,58.60400000,61.50000000,55.21300000,55.98700000,137393.73686000,137393.73686000
2021-07-31,57.50600000,59.28000000,55.66000000,58.56700000,57.50600000,59.28000000,55.66000000,58.56700000,118497.55365000,118497.55365000
2021-07-30,56.87100000,58.32300000,53.50200000,57.49700000,56.87100000,58.32300000,53.50200000,57.49700000,119875.70471000,119875.70471000
2021-07-29,56.44000000,56.99800000,54.10000000,56.76100000,56.44000000,56.99800000,54.10000000,56.76100000,87182.45512000,87182.45512000
2021-07-28,55.32000000,59.00000000,54.32600000,56.30000000,55.32000000,59.00000000,54.32600000,56.30000000,152838.78213000,152838.78213000
2021-07-27,54.80000000,56.60000000,52.10000000,55.30000000,54.80000000,56.60000000,52.10000000,55.30000000,132750.01893000,132750.01893000
2021-07-26,51.66000000,61.94000000,51.58000000,54.81000000,51.66000000,61.94000000,51.58000000,54.81000000,268166.51990000,268166.51990000
2021-07-25,52.21000000,53.95000000,48.83000000,51.66000000,52.21000000,53.95000000,48.83000000,51.66000000,166280.58530000,166280.58530000
2021-07-24,50.71000000,54.71000000,50.20000000,52.23000000,50.71000000,54.71000000,50.20000000,52.23000000,159502.28780000,159502.28780000
2021-07-23,48.52000000,51.67000000,47.45000000,50.69000000,48.52000000,51.67000000,47.45000000,50.69000000,173729.35660000,173729.35660000
2021-07-22,49.36000000,50.94000000,46.84000000,48.50000000,49.36000000,50.94000000,46.84000000,48.50000000,159152.54760000,159152.54760000
2021-07-21,43.66000000,49.53000000,42.00000000,49.34000000,43.66000000,49.53000000,42.00000000,49.34000000,147566.37670000,147566.37670000
2021-07-20,45.78000000,47.18000000,41.00000000,43.64000000,45.78000000,47.18000000,41.00000000,43.64000000,242302.40690000,242302.40690000
2021-07-19,50.48000000,51.85000000,45.41000000,45.76000000,50.48000000,51.85000000,45.41000000,45.76000000,258169.38810000,258169.38810000
2021-07-18,49.66000000,51.97000000,48.83000000,50.51000000,49.66000000,51.97000000,48.83000000,50.51000000,61466.93450000,61466.93450000
2021-07-17,50.90000000,51.85000000,48.85000000,49.64000000,50.90000000,51.85000000,48.85000000,49.64000000,101901.26240000,101901.26240000
2021-07-16,53.05000000,54.48000000,50.22000000,50.96000000,53.05000000,54.48000000,50.22000000,50.96000000,99316.74190000,99316.74190000
2021-07-15,57.04000000,58.23000000,52.34000000,53.09000000,57.04000000,58.23000000,52.34000000,53.09000000,116149.60100000,116149.60100000
2021-07-14,57.67000000,57.85000000,52.99000000,57.12000000,57.67000000,57.85000000,52.99000000,57.12000000,97361.39610000,97361.39610000
2021-07-13,59.22000000,59.85000000,55.50000000,57.67000000,59.22000000,59.85000000,55.50000000,57.67000000,90726.96120000,90726.96120000
2021-07-12,60.75000000,62.56000000,57.70000000,59.25000000,60.75000000,62.56000000,57.70000000,59.25000000,80670.41500000,80670.41500000
2021-07-11,58.71000000,62.09000000,57.76000000,60.75000000,58.71000000,62.09000000,57.76000000,60.75000000,91083.11930000,91083.11930000
2021-07-10,61.04000000,62.79000000,57.16000000,58.72000000,61.04000000,62.79000000,57.16000000,58.72000000,79833.11190000,79833.11190000
2021-07-09,59.72000000,62.45000000,56.56000000,61.03000000,59.72000000,62.45000000,56.56000000,61.03000000,120653.66950000,120653.66950000
2021-07-08,64.40000000,64.83000000,58.11000000,59.76000000,64.40000000,64.83000000,58.11000000,59.76000000,187261.60250000,187261.60250000
2021-07-07,67.56000000,69.92000000,63.98000000,64.37000000,67.56000000,69.92000000,63.98000000,64.37000000,132226.23140000,132226.23140000
2021-07-06,63.09000000,67.86000000,62.90000000,67.70000000,63.09000000,67.86000000,62.90000000,67.70000000,140730.21610000,140730.21610000
2021-07-05,67.26000000,68.58000000,61.89000000,63.09000000,67.26000000,68.58000000,61.89000000,63.09000000,136071.61080000,136071.61080000
2021-07-04,66.60000000,69.73000000,64.55000000,67.30000000,66.60000000,69.73000000,64.55000000,67.30000000,98787.26090000,98787.26090000
2021-07-03,62.35000000,68.20000000,61.07000000,66.60000000,62.35000000,68.20000000,61.07000000,66.60000000,112554.50420000,112554.50420000
2021-07-02,62.04000000,64.10000000,57.72000000,62.36000000,62.04000000,64.10000000,57.72000000,62.36000000,128940.42780000,128940.42780000
2021-07-01,68.14000000,68.26000000,61.00000000,62.04000000,68.14000000,68.26000000,61.00000000,62.04000000,172982.30830000,172982.30830000
2021-06-30,66.86000000,72.58000000,61.65000000,68.26000000,66.86000000,72.58000000,61.65000000,68.26000000,251403.11750000,251403.11750000
2021-06-29,62.24000000,70.76000000,62.00000000,66.86000000,62.24000000,70.76000000,62.00000000,66.86000000,213558.63560000,213558.63560000
2021-06-28,59.80000000,64.30000000,58.43000000,62.23000000,59.80000000,64.30000000,58.43000000,62.23000000,147326.68410000,147326.68410000
2021-06-27,56.33000000,59.85000000,54.72000000,59.75000000,56.33000000,59.85000000,54.72000000,59.75000000,133675.49790000,133675.49790000
2021-06-26,56.76000000,59.27000000,52.02000000,56.39000000,56.76000000,59.27000000,52.02000000,56.39000000,196795.51580000,196795.51580000
2021-06-25,64.34000000,66.96000000,55.72000000,56.85000000,64.34000000,66.96000000,55.72000000,56.85000000,201116.18050000,201116.18050000
2021-06-24,67.55000000,68.40000000,62.30000000,64.31000000,67.55000000,68.40000000,62.30000000,64.31000000,176108.53680000,176108.53680000
2021-06-23,55.10000000,68.50000000,52.50000000,67.54000000,55.10000000,68.50000000,52.50000000,67.54000000,368200.70220000,368200.70220000
2021-06-22,56.24000000,63.89000000,47.35000000,55.14000000,56.24000000,63.89000000,47.35000000,55.14000000,631210.23350000,631210.23350000
2021-06-21,78.20000000,78.87000000,55.77000000,56.26000000,78.20000000,78.87000000,55.77000000,56.26000000,351068.46430000,351068.46430000
2021-06-20,79.58000000,80.69000000,72.50000000,78.07000000,79.58000000,80.69000000,72.50000000,78.07000000,114246.51450000,114246.51450000
2021-06-19,81.17000000,83.95000000,78.00000000,79.56000000,81.17000000,83.95000000,78.00000000,79.56000000,103331.56970000,103331.56970000
2021-06-18,85.90000000,85.90000000,77.90000000,81.30000000,85.90000000,85.90000000,77.90000000,81.30000000,133598.38050000,133598.38050000
2021-06-17,89.82000000,92.79000000,83.10000000,85.86000000,89.82000000,92.79000000,83.10000000,85.86000000,119776.45770000,119776.45770000
2021-06-16,85.74000000,92.97000000,81.47000000,89.55000000,85.74000000,92.97000000,81.47000000,89.55000000,290235.26290000,290235.26290000
2021-06-15,84.58000000,87.58000000,81.00000000,85.68000000,84.58000000,87.58000000,81.00000000,85.68000000,129360.88360000,129360.88360000
2021-06-14,83.85000000,85.89000000,81.12000000,84.58000000,83.85000000,85.89000000,81.12000000,84.58000000,131295.26790000,131295.26790000
2021-06-13,78.62000000,85.00000000,76.23000000,83.85000000,78.62000000,85.00000000,76.23000000,83.85000000,128776.82020000,128776.82020000
2021-06-12,79.52000000,83.80000000,72.14000000,78.58000000,79.52000000,83.80000000,72.14000000,78.58000000,251163.98710000,251163.98710000
2021-06-11,87.11000000,88.04000000,78.22000000,79.49000000,87.11000000,88.04000000,78.22000000,79.49000000,121491.05550000,121491.05550000
2021-06-10,92.71000000,95.00000000,84.52000000,87.00000000,92.71000000,95.00000000,84.52000000,87.00000000,216779.51110000,216779.51110000
2021-06-09,83.07000000,92.70000000,76.50000000,92.70000000,83.07000000,92.70000000,76.50000000,92.70000000,248224.70940000,248224.70940000
2021-06-08,86.42000000,89.00000000,73.23000000,83.05000000,86.42000000,89.00000000,73.23000000,83.05000000,337911.10250000,337911.10250000
2021-06-07,96.82000000,99.72000000,85.88000000,86.29000000,96.82000000,99.72000000,85.88000000,86.29000000,146047.54530000,146047.54530000
2021-06-06,98.66000000,100.00000000,94.11000000,96.91000000,98.66000000,100.00000000,94.11000000,96.91000000,97449.78150000,97449.78150000
2021-06-05,103.51000000,107.77000000,93.90000000,98.65000000,103.51000000,107.77000000,93.90000000,98.65000000,219466.33780000,219466.33780000
2021-06-04,112.97000000,113.13000000,99.55000000,103.54000000,112.97000000,113.13000000,99.55000000,103.54000000,251778.31700000,251778.31700000
2021-06-03,109.21000000,116.99000000,108.62000000,112.96000000,109.21000000,116.99000000,108.62000000,112.96000000,220434.23780000,220434.23780000
2021-06-02,105.51000000,115.16000000,103.00000000,109.21000000,105.51000000,115.16000000,103.00000000,109.21000000,201979.98280000,201979.98280000
2021-06-01,107.63000000,111.99000000,103.15000000,105.53000000,107.63000000,111.99000000,103.15000000,105.53000000,223985.70530000,223985.70530000
2021-05-31,106.25000000,109.00000000,100.00000000,107.60000000,106.25000000,109.00000000,100.00000000,107.60000000,327847.33880000,327847.33880000
2021-05-30,121.54000000,125.00000000,105.19000000,106.25000000,121.54000000,125.00000000,105.19000000,106.25000000,441270.85940000,441270.85940000
2021-05-29,99.27000000,123.29000000,96.11000000,121.50000000,99.27000000,123.29000000,96.11000000,121.50000000,1002796.26360000,1002796.26360000
2021-05-28,103.57000000,105.28000000,87.04000000,99.14000000,103.57000000,105.28000000,87.04000000,99.14000000,424123.68430000,424123.68430000
2021-05-27,108.78000000,108.78000000,95.00000000,103.57000000,108.78000000,108.78000000,95.00000000,103.57000000,299285.70380000,299285.70380000
2021-05-26,99.75000000,108.76000000,95.00000000,108.62000000,99.75000000,108.76000000,95.00000000,108.62000000,380706.89870000,380706.89870000
2021-05-25,106.70000000,111.89000000,86.32000000,99.91000000,106.70000000,111.89000000,86.32000000,99.91000000,585514.98980000,585514.98980000
2021-05-24,72.23000000,109.87000000,70.80000000,106.81000000,72.23000000,109.87000000,70.80000000,106.81000000,621547.05280000,621547.05280000
2021-05-23,91.22000000,94.99000000,60.00000000,72.20000000,91.22000000,94.99000000,60.00000000,72.20000000,747012.45870000,747012.45870000
2021-05-22,100.87000000,107.99000000,86.01000000,91.11000000,100.87000000,107.99000000,86.01000000,91.11000000,758489.22190000,758489.22190000
2021-05-21,84.26000000,109.98000000,77.03000000,100.67000000,84.26000000,109.98000000,77.03000000,100.67000000,950524.24960000,950524.24960000
2021-05-20,72.74000000,91.23000000,63.70000000,84.28000000,72.74000000,91.23000000,63.70000000,84.28000000,404150.20220000,404150.20220000
2021-05-19,115.10000000,117.85000000,53.33000000,72.47000000,115.10000000,117.85000000,53.33000000,72.47000000,705012.98250000,705012.98250000
2021-05-18,114.75000000,123.06000000,109.94000000,115.05000000,114.75000000,123.06000000,109.94000000,115.05000000,239002.95220000,239002.95220000
2021-05-17,125.51000000,126.00000000,109.43000000,114.74000000,125.51000000,126.00000000,109.43000000,114.74000000,375719.88480000,375719.88480000
2021-05-16,127.58000000,136.99000000,117.41000000,125.71000000,127.58000000,136.99000000,117.41000000,125.71000000,204756.46670000,204756.46670000
2021-05-15,148.49000000,153.77000000,125.76000000,127.64000000,148.49000000,153.77000000,125.76000000,127.64000000,288743.20450000,288743.20450000
2021-05-14,137.07000000,149.70000000,132.51000000,148.29000000,137.07000000,149.70000000,132.51000000,148.29000000,206684.16620000,206684.16620000
2021-05-13,131.60000000,158.80000000,123.00000000,137.28000000,131.60000000,158.80000000,123.00000000,137.28000000,542130.08700000,542130.08700000
2021-05-12,146.41000000,158.80000000,131.00000000,131.80000000,146.41000000,158.80000000,131.00000000,131.80000000,415734.85300000,415734.85300000
2021-05-11,128.76000000,147.27000000,124.40000000,146.37000000,128.76000000,147.27000000,124.40000000,146.37000000,311564.02180000,311564.02180000
2021-05-10,145.34000000,146.53000000,118.00000000,128.67000000,145.34000000,146.53000000,118.00000000,128.67000000,238861.29640000,238861.29640000
2021-05-09,142.91000000,147.66000000,135.00000000,145.15000000,142.91000000,147.66000000,135.00000000,145.15000000,251132.52460000,251132.52460000
2021-05-08,146.51000000,169.23000000,139.26000000,142.91000000,146.51000000,169.23000000,139.26000000,142.91000000,986102.66540000,986102.66540000
2021-05-07,127.36000000,147.00000000,117.53000000,146.39000000,127.36000000,147.00000000,117.53000000,146.39000000,395015.70880000,395015.70880000
2021-05-06,118.33000000,128.61000000,111.62000000,127.36000000,118.33000000,128.61000000,111.62000000,127.36000000,292245.11590000,292245.11590000
2021-05-05,111.90000000,119.00000000,110.23000000,118.14000000,111.90000000,119.00000000,110.23000000,118.14000000,224853.80890000,224853.80890000
2021-05-04,116.96000000,117.04000000,105.39000000,112.19000000,116.96000000,117.04000000,105.39000000,112.19000000,241051.75320000,241051.75320000
2021-05-03,120.40000000,125.88000000,109.23000000,116.90000000,120.40000000,125.88000000,109.23000000,116.90000000,173241.79040000,173241.79040000
2021-05-02,125.54000000,127.00000000,117.54000000,120.46000000,125.54000000,127.00000000,117.54000000,120.46000000,127146.70480000,127146.70480000
2021-05-01,120.25000000,127.92000000,118.50000000,125.52000000,120.25000000,127.92000000,118.50000000,125.52000000,175325.85790000,175325.85790000
2021-04-30,119.52000000,123.50000000,116.29000000,120.37000000,119.52000000,123.50000000,116.29000000,120.37000000,203420.30150000,203420.30150000
2021-04-29,123.40000000,123.65000000,112.38000000,119.55000000,123.40000000,123.65000000,112.38000000,119.55000000,279230.44000000,279230.44000000
2021-04-28,127.79000000,128.73000000,115.83000000,123.26000000,127.79000000,128.73000000,115.83000000,123.26000000,338241.68720000,338241.68720000
2021-04-27,133.11000000,138.98000000,122.50000000,127.65000000,133.11000000,138.98000000,122.50000000,127.65000000,291150.02830000,291150.02830000
2021-04-26,110.27000000,135.47000000,110.18000000,132.89000000,110.27000000,135.47000000,110.18000000,132.89000000,424335.18480000,424335.18480000
2021-04-25,102.01400000,116.00000000,101.19600000,110.27000000,102.01400000,116.00000000,101.19600000,110.27000000,182114.30540000,182114.30540000
2021-04-24,111.92100000,112.95800000,100.13300000,102.05900000,111.92100000,112.95800000,100.13300000,102.05900000,284336.62000000,284336.62000000
2021-04-23,105.58700000,114.00000000,87.25300000,112.22800000,105.58700000,114.00000000,87.25300000,112.22800000,643519.59300000,643519.59300000
2021-04-22,110.71400000,120.99900000,100.00000000,105.62400000,110.71400000,120.99900000,100.00000000,105.62400000,485473.99800000,485473.99800000
2021-04-21,117.82100000,132.00000000,107.07300000,110.50100000,117.82100000,132.00000000,107.07300000,110.50100000,731813.66100000,731813.66100000
2021-04-20,96.44400000,120.75900000,84.55000000,117.75000000,96.44400000,120.75900000,84.55000000,117.75000000,747338.67600000,747338.67600000
2021-04-19,109.73800000,113.97100000,91.78700000,96.47600000,109.73800000,113.97100000,91.78700000,96.47600000,328412.97100000,328412.97100000
2021-04-18,116.60300000,117.82400000,81.46000000,109.73800000,116.60300000,117.82400000,81.46000000,109.73800000,644672.33500000,644672.33500000
2021-04-17,125.97000000,139.50000000,114.81400000,116.60400000,125.97000000,139.50000000,114.81400000,116.60400000,517684.40800000,517684.40800000
2021-04-16,108.80100000,130.00000000,105.00000000,125.81300000,108.80100000,130.00000000,105.00000000,125.81300000,718504.40300000,718504.40300000
2021-04-15,84.68300000,108.81000000,83.50000000,108.78000000,84.68300000,108.81000000,83.50000000,108.78000000,520767.79600000,520767.79600000
2021-04-14,85.20300000,88.91500000,79.20000000,84.64600000,85.20300000,88.91500000,79.20000000,84.64600000,218473.91100000,218473.91100000
2021-04-13,76.34100000,86.88300000,76.17700000,85.14400000,76.34100000,86.88300000,76.17700000,85.14400000,198565.94500000,198565.94500000
2021-04-12,75.33200000,78.53900000,73.68400000,76.34100000,75.33200000,78.53900000,73.68400000,76.34100000,160528.76000000,160528.76000000
2021-04-11,73.21300000,80.10000000,72.88300000,75.34400000,73.21300000,80.10000000,72.88300000,75.34400000,216815.24100000,216815.24100000
2021-04-10,72.22900000,75.69000000,70.52100000,73.21400000,72.22900000,75.69000000,70.52100000,73.21400000,154755.27900000,154755.27900000
2021-04-09,73.23000000,75.97900000,71.11000000,72.26500000,73.23000000,75.97900000,71.11000000,72.26500000,176157.60800000,176157.60800000
2021-04-08,68.99900000,77.99000000,68.43800000,73.23600000,68.99900000,77.99000000,68.43800000,73.23600000,277644.98000000,277644.98000000
2021-04-07,68.69900000,75.90000000,61.94800000,69.19800000,68.69900000,75.90000000,61.94800000,69.19800000,530116.77700000,530116.77700000
2021-04-06,67.39800000,70.00000000,61.00100000,68.60300000,67.39800000,70.00000000,61.00100000,68.60300000,257697.61200000,257697.61200000
2021-04-05,65.90000000,72.00000000,62.06700000,67.47400000,65.90000000,72.00000000,62.06700000,67.47400000,337992.70900000,337992.70900000
2021-04-04,53.53200000,65.99900000,52.54800000,65.89400000,53.53200000,65.99900000,52.54800000,65.89400000,342648.63200000,342648.63200000
2021-04-03,60.00500000,61.36800000,53.42500000,53.57500000,60.00500000,61.36800000,53.42500000,53.57500000,239801.18500000,239801.18500000
2021-04-02,56.39700000,64.60000000,56.11400000,60.05500000,56.39700000,64.60000000,56.11400000,60.05500000,465715.68000000,465715.68000000
2021-04-01,51.36400000,57.10100000,50.93400000,56.46900000,51.36400000,57.10100000,50.93400000,56.46900000,272788.29300000,272788.29300000
2021-03-31,52.32100000,53.31200000,48.00000000,51.33300000,52.32100000,53.31200000,48.00000000,51.33300000,186700.29900000,186700.29900000
2021-03-30,53.92300000,54.50000000,50.60000000,52.28000000,53.92300000,54.50000000,50.60000000,52.28000000,240277.59800000,240277.59800000
2021-03-29,50.75800000,54.79200000,49.62800000,53.86800000,50.75800000,54.79200000,49.62800000,53.86800000,217028.73900000,217028.73900000
2021-03-28,49.03200000,53.10100000,48.00000000,50.74500000,49.03200000,53.10100000,48.00000000,50.74500000,177238.77300000,177238.77300000
2021-03-27,49.89000000,50.96900000,46.70800000,49.02700000,49.89000000,50.96900000,46.70800000,49.02700000,131288.68600000,131288.68600000
2021-03-26,45.30000000,50.81600000,45.30000000,49.87900000,45.30000000,50.81600000,45.30000000,49.87900000,168293.38400000,168293.38400000
2021-03-25,46.60700000,47.99900000,43.15300000,45.46600000,46.60700000,47.99900000,43.15300000,45.46600000,197059.12000000,197059.12000000
2021-03-24,51.56000000,55.37700000,45.01100000,46.50900000,51.56000000,55.37700000,45.01100000,46.50900000,183034.31800000,183034.31800000
2021-03-23,53.23100000,54.67500000,49.71300000,51.53700000,53.23100000,54.67500000,49.71300000,51.53700000,184567.89700000,184567.89700000
2021-03-22,57.79800000,59.48800000,52.19200000,53.23100000,57.79800000,59.48800000,52.19200000,53.23100000,210536.64000000,210536.64000000
2021-03-21,58.79200000,60.00000000,55.83600000,57.86800000,58.79200000,60.00000000,55.83600000,57.86800000,159571.81000000,159571.81000000
2021-03-20,59.72200000,64.74900000,58.70000000,58.85600000,59.72200000,64.74900000,58.70000000,58.85600000,189267.12000000,189267.12000000
2021-03-19,56.65700000,64.40400000,54.42600000,59.66000000,56.65700000,64.40400000,54.42600000,59.66000000,318215.49800000,318215.49800000
2021-03-18,54.48200000,59.76300000,53.31500000,56.74200000,54.48200000,59.76300000,53.31500000,56.74200000,321133.78600000,321133.78600000
2021-03-17,55.65800000,56.99900000,50.60700000,54.31600000,55.65800000,56.99900000,50.60700000,54.31600000,211258.56900000,211258.56900000
2021-03-16,49.07800000,57.00000000,46.54600000,55.58100000,49.07800000,57.00000000,46.54600000,55.58100000,272461.23300000,272461.23300000
2021-03-15,53.09300000,54.27500000,47.60700000,49.11900000,53.09300000,54.27500000,47.60700000,49.11900000,195349.84800000,195349.84800000
2021-03-14,54.46000000,58.83100000,52.37700000,53.10300000,54.46000000,58.83100000,52.37700000,53.10300000,295059.93400000,295059.93400000
2021-03-13,46.59300000,55.00000000,45.08900000,54.44200000,46.59300000,55.00000000,45.08900000,54.44200000,226678.77300000,226678.77300000
2021-03-12,48.42500000,49.40900000,45.19700000,46.65200000,48.42500000,49.40900000,45.19700000,46.65200000,155061.33300000,155061.33300000
2021-03-11,49.12000000,52.60000000,46.00000000,48.42200000,49.12000000,52.60000000,46.00000000,48.42200000,188865.29500000,188865.29500000
2021-03-10,51.99900000,53.00000000,48.07300000,49.12500000,51.99900000,53.00000000,48.07300000,49.12500000,200035.68700000,200035.68700000
2021-03-09,50.63500000,52.83000000,49.28500000,51.99900000,50.63500000,52.83000000,49.28500000,51.99900000,196842.55500000,196842.55500000
2021-03-08,50.36600000,55.36300000,48.66500000,50.46300000,50.36600000,55.36300000,48.66500000,50.46300000,319306.25900000,319306.25900000
2021-03-07,43.39400000,50.95000000,43.26300000,50.37100000,43.39400000,50.95000000,43.26300000,50.37100000,191395.31900000,191395.31900000
2021-03-06,43.30600000,44.55500000,41.24400000,43.27800000,43.30600000,44.55500000,41.24400000,43.27800000,69863.85300000,69863.85300000
2021-03-05,44.30200000,44.40000000,40.12800000,43.27900000,44.30200000,44.40000000,40.12800000,43.27900000,160203.72600000,160203.72600000
2021-03-04,47.02100000,48.52700000,43.34800000,44.30400000,47.02100000,48.52700000,43.34800000,44.30400000,146229.02900000,146229.02900000
2021-03-03,47.15300000,50.40000000,46.48900000,47.15400000,47.15300000,50.40000000,46.48900000,47.15400000,155247.50900000,155247.50900000
2021-03-02,46.67100000,50.79900000,44.49200000,47.15000000,46.67100000,50.79900000,44.49200000,47.15000000,224806.77500000,224806.77500000
2021-03-01,41.93100000,47.37700000,41.16200000,46.67100000,41.93100000,47.37700000,41.16200000,46.67100000,213325.45800000,213325.45800000
2021-02-28,46.72400000,47.21500000,39.11400000,41.90400000,46.72400000,47.21500000,39.11400000,41.90400000,195607.76400000,195607.76400000
2021-02-27,46.23900000,51.65700000,45.64100000,46.81800000,46.23900000,51.65700000,45.64100000,46.81800000,129062.79500000,129062.79500000
2021-02-26,49.76500000,51.08300000,43.12000000,46.17300000,49.76500000,51.08300000,43.12000000,46.17300000,243928.19400000,243928.19400000
2021-02-25,52.25800000,58.00000000,49.05000000,49.76100000,52.25800000,58.00000000,49.05000000,49.76100000,247565.52600000,247565.52600000
2021-02-24,53.85200000,59.64400000,48.76800000,52.26400000,53.85200000,59.64400000,48.76800000,52.26400000,399404.43800000,399404.43800000
2021-02-23,68.34600000,69.58700000,43.10000000,54.03800000,68.34600000,69.58700000,43.10000000,54.03800000,612465.10300000,612465.10300000
2021-02-22,71.64200000,71.89200000,51.66600000,68.43600000,71.64200000,71.89200000,51.66600000,68.43600000,384663.73400000,384663.73400000
2021-02-21,70.07400000,79.17600000,67.56200000,71.61600000,70.07400000,79.17600000,67.56200000,71.61600000,268633.89200000,268633.89200000
2021-02-20,75.95300000,78.00000000,65.00000000,70.13400000,75.95300000,78.00000000,65.00000000,70.13400000,359512.52800000,359512.52800000
2021-02-19,81.15900000,82.68200000,74.50800000,75.95300000,81.15900000,82.68200000,74.50800000,75.95300000,278554.40300000,278554.40300000
2021-02-18,73.73000000,86.00000000,72.39800000,81.01200000,73.73000000,86.00000000,72.39800000,81.01200000,430442.60400000,430442.60400000
2021-02-17,58.14700000,78.19200000,57.28700000,73.56300000,58.14700000,78.19200000,57.28700000,73.56300000,601055.29500000,601055.29500000
2021-02-16,51.71600000,62.88000000,49.41200000,58.14600000,51.71600000,62.88000000,49.41200000,58.14600000,379298.73100000,379298.73100000
2021-02-15,53.11200000,56.32100000,43.34000000,51.61100000,53.11200000,56.32100000,43.34000000,51.61100000,259659.95200000,259659.95200000
2021-02-14,54.66700000,57.49900000,49.79400000,53.00000000,54.66700000,57.49900000,49.79400000,53.00000000,235573.48800000,235573.48800000
2021-02-13,47.11500000,58.13300000,46.77800000,54.56200000,47.11500000,58.13300000,46.77800000,54.56200000,322917.40200000,322917.40200000
2021-02-12,47.40300000,48.91000000,45.50000000,47.10700000,47.40300000,48.91000000,45.50000000,47.10700000,228532.21200000,228532.21200000
2021-02-11,42.49900000,48.80600000,42.06300000,47.33200000,42.49900000,48.80600000,42.06300000,47.33200000,289291.05600000,289291.05600000
2021-02-10,42.35000000,46.00000000,38.73800000,42.42500000,42.35000000,46.00000000,38.73800000,42.42500000,332175.25300000,332175.25300000
2021-02-09,34.06300000,45.71400000,33.62800000,42.35700000,34.06300000,45.71400000,33.62800000,42.35700000,610091.14700000,610091.14700000
2021-02-08,33.62200000,35.91800000,33.33000000,34.05400000,33.62200000,35.91800000,33.33000000,34.05400000,152436.89200000,152436.89200000
2021-02-07,36.23600000,36.53300000,31.54900000,33.63700000,36.23600000,36.53300000,31.54900000,33.63700000,232478.62000000,232478.62000000
2021-02-06,38.18300000,38.33300000,35.45400000,36.23600000,38.18300000,38.33300000,35.45400000,36.23600000,178579.50400000,178579.50400000
2021-02-05,36.53200000,39.00000000,35.00000000,38.18400000,36.53200000,39.00000000,35.00000000,38.18400000,235512.96700000,235512.96700000
2021-02-04,35.52700000,38.10000000,34.58900000,36.56300000,35.52700000,38.10000000,34.58900000,36.56300000,230611.06700000,230611.06700000
2021-02-03,35.57400000,35.70000000,34.35100000,35.52500000,35.57400000,35.70000000,34.35100000,35.52500000,162768.74900000,162768.74900000
2021-02-02,36.14200000,37.38000000,34.69500000,35.64800000,36.14200000,37.38000000,34.69500000,35.64800000,218997.10900000,218997.10900000
2021-02-01,35.40100000,38.00000000,33.99000000,36.14200000,35.40100000,38.00000000,33.99000000,36.14200000,217847.80800000,217847.80800000
2021-01-31,36.91200000,39.30000000,34.01000000,35.32700000,36.91200000,39.30000000,34.01000000,35.32700000,289513.65400000,289513.65400000
2021-01-30,35.08500000,37.70900000,32.78500000,36.92600000,35.08500000,37.70900000,32.78500000,36.92600000,337237.77200000,337237.77200000
2021-01-29,35.14500000,36.70000000,32.80000000,35.13800000,35.14500000,36.70000000,32.80000000,35.13800000,325262.75300000,325262.75300000
2021-01-28,29.15300000,38.15100000,28.50000000,35.13100000,29.15300000,38.15100000,28.50000000,35.13100000,565867.52000000,565867.52000000
2021-01-27,32.72600000,32.86300000,28.35400000,29.18000000,32.72600000,32.86300000,28.35400000,29.18000000,416739.88800000,416739.88800000
2021-01-26,34.61700000,36.81500000,30.34400000,32.72700000,34.61700000,36.81500000,30.34400000,32.72700000,617202.09000000,617202.09000000
2021-01-25,27.26100000,39.19900000,26.87700000,34.61700000,27.26100000,39.19900000,26.87700000,34.61700000,1448035.16100000,1448035.16100000
2021-01-24,27.14500000,29.22800000,26.51900000,27.23400000,27.14500000,29.22800000,26.51900000,27.23400000,216773.26400000,216773.26400000
2021-01-23,27.47800000,29.66000000,26.70000000,27.20700000,27.47800000,29.66000000,26.70000000,27.20700000,187024.11100000,187024.11100000
2021-01-22,27.60400000,29.99000000,24.69000000,27.52500000,27.60400000,29.99000000,24.69000000,27.52500000,275314.52900000,275314.52900000
2021-01-21,31.73500000,33.25000000,26.00000000,27.60200000,31.73500000,33.25000000,26.00000000,27.60200000,358076.12500000,358076.12500000
2021-01-20,29.21200000,33.12700000,27.33600000,31.65200000,29.21200000,33.12700000,27.33600000,31.65200000,443393.59600000,443393.59600000
2021-01-19,30.45900000,32.70000000,28.40000000,29.26200000,30.45900000,32.70000000,28.40000000,29.26200000,337993.82200000,337993.82200000
2021-01-18,28.10000000,34.17200000,28.09900000,30.37500000,28.10000000,34.17200000,28.09900000,30.37500000,732988.73000000,732988.73000000
2021-01-17,24.23400000,29.74900000,22.80900000,28.15800000,24.23400000,29.74900000,22.80900000,28.15800000,415992.40300000,415992.40300000
2021-01-16,23.57800000,26.91300000,23.50000000,24.28300000,23.57800000,26.91300000,23.50000000,24.28300000,416878.65500000,416878.65500000
2021-01-15,25.10700000,26.00000000,21.58900000,23.55700000,25.10700000,26.00000000,21.58900000,23.55700000,592294.21100000,592294.21100000
2021-01-14,26.87800000,27.57800000,24.64300000,25.13900000,26.87800000,27.57800000,24.64300000,25.13900000,439591.46500000,439591.46500000
2021-01-13,27.00600000,28.32000000,23.90000000,26.89000000,27.00600000,28.32000000,23.90000000,26.89000000,1051834.24200000,1051834.24200000
2021-01-12,24.03500000,31.00000000,22.50000000,27.00400000,24.03500000,31.00000000,22.50000000,27.00400000,2048411.44900000,2048411.44900000
2021-01-11,21.88200000,29.61400000,17.21100000,24.03400000,21.88200000,29.61400000,17.21100000,24.03400000,3683730.34800000,3683730.34800000
2021-01-10,15.73500000,23.88800000,14.89100000,21.85900000,15.73500000,23.88800000,14.89100000,21.85900000,1828546.75000000,1828546.75000000
2021-01-09,14.48000000,15.99700000,13.97600000,15.69700000,14.48000000,15.99700000,13.97600000,15.69700000,189088.39900000,189088.39900000
2021-01-08,14.61800000,14.88000000,13.20000000,14.48100000,14.61800000,14.88000000,13.20000000,14.48100000,190980.29400000,190980.29400000
2021-01-07,16.04800000,16.19800000,13.59000000,14.59200000,16.04800000,16.19800000,13.59000000,14.59200000,263743.69000000,263743.69000000
2021-01-06,14.39900000,16.57600000,13.53700000,16.04700000,14.39900000,16.57600000,13.53700000,16.04700000,447730.61100000,447730.61100000
2021-01-05,13.48800000,14.89900000,12.74700000,14.37200000,13.48800000,14.89900000,12.74700000,14.37200000,301440.95000000,301440.95000000
2021-01-04,13.53100000,15.20000000,11.60200000,13.46100000,13.53100000,15.20000000,11.60200000,13.46100000,429982.40400000,429982.40400000
2021-01-03,11.77500000,14.71300000,11.56600000,13.53000000,11.77500000,14.71300000,11.56600000,13.53000000,527536.09000000,527536.09000000
2021-01-02,11.77200000,12.54100000,11.24000000,11.70400000,11.77200000,12.54100000,11.24000000,11.70400000,378355.83900000,378355.83900000
2021-01-01,11.56900000,14.64900000,11.30100000,11.74000000,11.56900000,14.64900000,11.30100000,11.74000000,853203.32200000,853203.32200000
2020-12-31,10.83000000,11.68700000,10.30000000,11.60800000,10.83000000,11.68700000,10.30000000,11.60800000,187352.51800000,187352.51800000
2020-12-30,11.60000000,12.25400000,10.60000000,10.82500000,11.60000000,12.25400000,10.60000000,10.82500000,211733.26900000,211733.26900000
2020-12-29,12.16600000,12.33700000,10.27200000,11.58300000,12.16600000,12.33700000,10.27200000,11.58300000,278905.75200000,278905.75200000
2020-12-28,12.58200000,13.17500000,11.68400000,12.15300000,12.58200000,13.17500000,11.68400000,12.15300000,151113.76500000,151113.76500000
2020-12-27,11.91300000,13.29700000,11.90000000,12.58100000,11.91300000,13.29700000,11.90000000,12.58100000,414929.94900000,414929.94900000
2020-12-26,11.24200000,12.20000000,10.45000000,11.91400000,11.24200000,12.20000000,10.45000000,11.91400000,248691.66300000,248691.66300000
2020-12-25,9.79500000,11.35600000,9.59900000,11.21700000,9.79500000,11.35600000,9.59900000,11.21700000,347998.43500000,347998.43500000
2020-12-24,8.65000000,10.01500000,8.30300000,9.76000000,8.65000000,10.01500000,8.30300000,9.76000000,202707.94700000,202707.94700000
2020-12-23,10.32400000,10.57300000,8.30000000,8.67000000,10.32400000,10.57300000,8.30000000,8.67000000,261645.37700000,261645.37700000
2020-12-22,10.47200000,10.95300000,9.99000000,10.32500000,10.47200000,10.95300000,9.99000000,10.32500000,180843.95200000,180843.95200000
2020-12-21,11.41000000,11.63500000,10.20500000,10.47200000,11.41000000,11.63500000,10.20500000,10.47200000,273250.76700000,273250.76700000
2020-12-20,12.05200000,12.50000000,11.11100000,11.41000000,12.05200000,12.50000000,11.11100000,11.41000000,174249.64900000,174249.64900000
2020-12-19,12.09700000,12.67200000,11.87000000,12.05200000,12.09700000,12.67200000,11.87000000,12.05200000,201030.39400000,201030.39400000
2020-12-18,12.01800000,12.75000000,11.62500000,12.09700000,12.01800000,12.75000000,11.62500000,12.09700000,258007.15100000,258007.15100000
2020-12-17,12.64200000,13.60000000,11.81800000,11.97100000,12.64200000,13.60000000,11.81800000,11.97100000,483513.50100000,483513.50100000
2020-12-16,11.14100000,12.78000000,10.70000000,12.71600000,11.14100000,12.78000000,10.70000000,12.71600000,306508.28600000,306508.28600000
2020-12-15,11.35000000,11.83900000,10.63400000,11.12400000,11.35000000,11.83900000,10.63400000,11.12400000,224314.41000000,224314.41000000
2020-12-14,10.99800000,12.27100000,10.91100000,11.34500000,10.99800000,12.27100000,10.91100000,11.34500000,328959.46000000,328959.46000000
2020-12-13,10.21000000,11.41500000,9.86000000,10.99800000,10.21000000,11.41500000,9.86000000,10.99800000,281664.39800000,281664.39800000
2020-12-12,9.02200000,10.48000000,9.00200000,10.17700000,9.02200000,10.48000000,9.00200000,10.17700000,228782.84600000,228782.84600000
2020-12-11,10.09600000,10.14500000,8.93200000,9.04000000,10.09600000,10.14500000,8.93200000,9.04000000,189802.47100000,189802.47100000
2020-12-10,10.61300000,10.66500000,9.70400000,10.08600000,10.61300000,10.66500000,9.70400000,10.08600000,191233.41500000,191233.41500000
2020-12-09,10.35900000,10.99700000,9.80500000,10.57900000,10.35900000,10.99700000,9.80500000,10.57900000,222642.21200000,222642.21200000
2020-12-08,11.92200000,12.70800000,10.14700000,10.35900000,11.92200000,12.70800000,10.14700000,10.35900000,392947.57800000,392947.57800000
2020-12-07,12.31700000,12.48200000,11.50000000,11.92600000,12.31700000,12.48200000,11.50000000,11.92600000,259359.37200000,259359.37200000
2020-12-06,12.46800000,12.70500000,11.66800000,12.28600000,12.46800000,12.70500000,11.66800000,12.28600000,153383.77200000,153383.77200000
2020-12-05,11.53000000,12.95000000,11.29800000,12.52400000,11.53000000,12.95000000,11.29800000,12.52400000,214058.45700000,214058.45700000
2020-12-04,13.82500000,14.08400000,11.24700000,11.53000000,13.82500000,14.08400000,11.24700000,11.53000000,396732.75900000,396732.75900000
2020-12-03,14.03900000,14.13600000,13.20000000,13.82500000,14.03900000,14.13600000,13.20000000,13.82500000,258407.30900000,258407.30900000
2020-12-02,13.92200000,14.68300000,13.14000000,14.03900000,13.92200000,14.68300000,13.14000000,14.03900000,345683.43900000,345683.43900000
2020-12-01,15.05400000,16.80000000,13.61500000,13.94900000,15.05400000,16.80000000,13.61500000,13.94900000,608891.12700000,608891.12700000
2020-11-30,13.89000000,15.91000000,13.63000000,15.05400000,13.89000000,15.91000000,13.63000000,15.05400000,526903.12700000,526903.12700000
2020-11-29,14.77100000,15.48600000,13.50000000,13.89000000,14.77100000,15.48600000,13.50000000,13.89000000,385994.34100000,385994.34100000
2020-11-28,12.26600000,15.69100000,11.66100000,14.76600000,12.26600000,15.69100000,11.66100000,14.76600000,568389.74500000,568389.74500000
2020-11-27,11.82800000,13.44000000,11.00000000,12.26700000,11.82800000,13.44000000,11.00000000,12.26700000,384026.17500000,384026.17500000
2020-11-26,14.65100000,15.27400000,11.00000000,11.83000000,14.65100000,15.27400000,11.00000000,11.83000000,753370.08300000,753370.08300000
2020-11-25,14.26100000,19.60500000,13.08000000,14.64300000,14.26100000,19.60500000,13.08000000,14.64300000,958756.62600000,958756.62600000
2020-11-24,13.98800000,15.89000000,12.04900000,14.19000000,13.98800000,15.89000000,12.04900000,14.19000000,505084.17000000,505084.17000000
2020-11-23,9.06300000,14.62000000,8.69900000,13.98700000,9.06300000,14.62000000,8.69900000,13.98700000,781357.78000000,781357.78000000
2020-11-22,8.44300000,9.44500000,7.50000000,9.12500000,8.44300000,9.44500000,7.50000000,9.12500000,328579.93100000,328579.93100000
2020-11-21,6.21800000,9.71300000,6.17900000,8.47600000,6.21800000,9.71300000,6.17900000,8.47600000,385445.03300000,385445.03300000
2020-11-20,6.13800000,6.55000000,6.12600000,6.20100000,6.13800000,6.55000000,6.12600000,6.20100000,43739.39100000,43739.39100000
2020-11-19,6.27800000,6.34900000,5.99800000,6.13700000,6.27800000,6.34900000,5.99800000,6.13700000,27286.45300000,27286.45300000
2020-11-18,6.52300000,6.61100000,6.15000000,6.30000000,6.52300000,6.61100000,6.15000000,6.30000000,33015.03800000,33015.03800000
2020-11-17,6.30600000,6.54400000,6.22800000,6.50100000,6.30600000,6.54400000,6.22800000,6.50100000,43032.98700000,43032.98700000
2020-11-16,6.35200000,6.55000000,6.13600000,6.30200000,6.35200000,6.55000000,6.13600000,6.30200000,47660.80700000,47660.80700000
2020-11-15,6.18200000,6.46100000,6.17900000,6.32100000,6.18200000,6.46100000,6.17900000,6.32100000,30347.61500000,30347.61500000
2020-11-14,6.26400000,6.68000000,6.02000000,6.20200000,6.26400000,6.68000000,6.02000000,6.20200000,36394.61600000,36394.61600000
2020-11-13,5.97100000,6.40900000,5.92100000,6.20000000,5.97100000,6.40900000,5.92100000,6.20000000,14897.03300000,14897.03300000
2020-11-12,6.31100000,6.31100000,5.93500000,5.95900000,6.31100000,6.31100000,5.93500000,5.95900000,32412.67800000,32412.67800000
2020-11-11,6.79600000,6.80000000,6.24500000,6.31100000,6.79600000,6.80000000,6.24500000,6.31100000,56224.14900000,56224.14900000
2020-11-10,5.96800000,6.80000000,5.96800000,6.78000000,5.96800000,6.80000000,5.96800000,6.78000000,67526.47000000,67526.47000000
2020-11-09,6.17600000,6.29200000,5.65000000,5.97200000,6.17600000,6.29200000,5.65000000,5.97200000,40957.10600000,40957.10600000
2020-11-08,5.95000000,6.35000000,5.89200000,6.18600000,5.95000000,6.35000000,5.89200000,6.18600000,63026.00200000,63026.00200000
2020-11-07,5.58000000,6.46000000,5.50000000,5.91000000,5.58000000,6.46000000,5.50000000,5.91000000,96442.04900000,96442.04900000
2020-11-06,5.23600000,5.67600000,5.21700000,5.61300000,5.23600000,5.67600000,5.21700000,5.61300000,56699.17600000,56699.17600000
2020-11-05,5.15500000,5.33800000,5.10100000,5.23600000,5.15500000,5.33800000,5.10100000,5.23600000,36181.91900000,36181.91900000
2020-11-04,5.48000000,5.52800000,5.15800000,5.17400000,5.48000000,5.52800000,5.15800000,5.17400000,24278.70900000,24278.70900000
2020-11-03,5.54200000,5.56500000,5.38100000,5.46700000,5.54200000,5.56500000,5.38100000,5.46700000,20137.24900000,20137.24900000
2020-11-02,5.58400000,5.66500000,5.41000000,5.55700000,5.58400000,5.66500000,5.41000000,5.55700000,16902.87400000,16902.87400000
2020-11-01,5.63000000,5.63200000,5.49300000,5.58400000,5.63000000,5.63200000,5.49300000,5.58400000,8186.36500000,8186.36500000
2020-10-31,5.41600000,5.69700000,5.34900000,5.62000000,5.41600000,5.69700000,5.34900000,5.62000000,19491.80100000,19491.80100000
2020-10-30,5.55100000,5.61800000,5.21800000,5.41200000,5.55100000,5.61800000,5.21800000,5.41200000,33125.49800000,33125.49800000
2020-10-29,5.28700000,5.94900000,5.26800000,5.55100000,5.28700000,5.94900000,5.26800000,5.55100000,68760.36500000,68760.36500000
2020-10-28,5.46400000,5.51300000,5.20100000,5.32500000,5.46400000,5.51300000,5.20100000,5.32500000,19877.25100000,19877.25100000
2020-10-27,5.65300000,5.75800000,5.35800000,5.46400000,5.65300000,5.75800000,5.35800000,5.46400000,31209.01700000,31209.01700000
2020-10-26,5.69300000,5.82300000,5.57000000,5.66500000,5.69300000,5.82300000,5.57000000,5.66500000,23686.10100000,23686.10100000
2020-10-25,5.76600000,5.81500000,5.59100000,5.67100000,5.76600000,5.81500000,5.59100000,5.67100000,16163.66900000,16163.66900000
2020-10-24,5.70600000,5.81400000,5.68100000,5.76700000,5.70600000,5.81400000,5.68100000,5.76700000,19613.16800000,19613.16800000
2020-10-23,5.81500000,5.90300000,5.68100000,5.75200000,5.81500000,5.90300000,5.68100000,5.75200000,11469.28400000,11469.28400000
2020-10-22,5.68200000,6.00000000,5.63500000,5.83400000,5.68200000,6.00000000,5.63500000,5.83400000,28613.44400000,28613.44400000
2020-10-21,5.49700000,5.92800000,5.47600000,5.65500000,5.49700000,5.92800000,5.47600000,5.65500000,30436.78100000,30436.78100000
2020-10-20,5.76400000,5.80700000,5.42100000,5.52200000,5.76400000,5.80700000,5.42100000,5.52200000,35789.66100000,35789.66100000
2020-10-19,5.99100000,6.00000000,5.73000000,5.77100000,5.99100000,6.00000000,5.73000000,5.77100000,30279.23700000,30279.23700000
2020-10-18,5.93000000,6.04700000,5.89600000,5.99100000,5.93000000,6.04700000,5.89600000,5.99100000,18379.39400000,18379.39400000
2020-10-17,6.05000000,6.27500000,5.87500000,5.92500000,6.05000000,6.27500000,5.87500000,5.92500000,37318.38400000,37318.38400000
2020-10-16,6.14300000,6.24800000,5.85000000,6.05300000,6.14300000,6.24800000,5.85000000,6.05300000,47221.85900000,47221.85900000
2020-10-15,5.94100000,6.75800000,5.78200000,6.12600000,5.94100000,6.75800000,5.78200000,6.12600000,103073.39200000,103073.39200000
2020-10-14,6.15000000,6.39300000,5.91600000,5.94300000,6.15000000,6.39300000,5.91600000,5.94300000,53802.29900000,53802.29900000
2020-10-13,6.15500000,6.30500000,6.01600000,6.15000000,6.15500000,6.30500000,6.01600000,6.15000000,51155.80300000,51155.80300000
2020-10-12,6.86000000,7.08500000,6.12900000,6.16500000,6.86000000,7.08500000,6.12900000,6.16500000,154054.47000000,154054.47000000
2020-10-11,5.55300000,7.98100000,5.54000000,6.86900000,5.55300000,7.98100000,5.54000000,6.86900000,267278.44900000,267278.44900000
2020-10-10,5.48700000,5.67000000,5.40100000,5.57200000,5.48700000,5.67000000,5.40100000,5.57200000,21954.16200000,21954.16200000
2020-10-09,5.28300000,5.51900000,5.14800000,5.51600000,5.28300000,5.51900000,5.14800000,5.51600000,28702.92200000,28702.92200000
2020-10-08,5.13400000,5.32100000,5.06200000,5.31300000,5.13400000,5.32100000,5.06200000,5.31300000,23057.03800000,23057.03800000
2020-10-07,5.17600000,5.22000000,5.10000000,5.13400000,5.17600000,5.22000000,5.10000000,5.13400000,18372.64700000,18372.64700000
2020-10-06,5.39800000,5.43700000,5.13200000,5.20500000,5.39800000,5.43700000,5.13200000,5.20500000,17230.12000000,17230.12000000
2020-10-05,5.36000000,5.54700000,5.33800000,5.40400000,5.36000000,5.54700000,5.33800000,5.40400000,18641.52300000,18641.52300000
2020-10-04,5.30100000,5.38400000,5.23800000,5.34000000,5.30100000,5.38400000,5.23800000,5.34000000,6105.54500000,6105.54500000
2020-10-03,5.27800000,5.38200000,5.21600000,5.31500000,5.27800000,5.38200000,5.21600000,5.31500000,7736.20800000,7736.20800000
2020-10-02,5.44300000,5.47400000,5.10000000,5.25900000,5.44300000,5.47400000,5.10000000,5.25900000,27771.29600000,27771.29600000
2020-10-01,5.68400000,5.95800000,5.30500000,5.46700000,5.68400000,5.95800000,5.30500000,5.46700000,34144.39000000,34144.39000000
2020-09-30,5.60200000,5.79100000,5.57200000,5.71100000,5.60200000,5.79100000,5.57200000,5.71100000,13335.34300000,13335.34300000
2020-09-29,5.60800000,5.66500000,5.50000000,5.61600000,5.60800000,5.66500000,5.50000000,5.61600000,9817.97000000,9817.97000000
2020-09-28,5.73400000,5.94000000,5.57700000,5.60000000,5.73400000,5.94000000,5.57700000,5.60000000,13966.66400000,13966.66400000
2020-09-27,5.91900000,5.99400000,5.49800000,5.71800000,5.91900000,5.99400000,5.49800000,5.71800000,17466.89500000,17466.89500000
2020-09-26,6.00800000,6.01900000,5.80400000,5.93700000,6.00800000,6.01900000,5.80400000,5.93700000,12779.64600000,12779.64600000
2020-09-25,5.91300000,6.12400000,5.72100000,5.96100000,5.91300000,6.12400000,5.72100000,5.96100000,17072.84700000,17072.84700000
2020-09-24,5.35700000,6.23000000,5.34700000,5.91300000,5.35700000,6.23000000,5.34700000,5.91300000,19533.71900000,19533.71900000
2020-09-23,5.59700000,5.94700000,5.33400000,5.41200000,5.59700000,5.94700000,5.33400000,5.41200000,21858.00500000,21858.00500000
2020-09-22,5.40700000,5.70000000,5.22300000,5.59800000,5.40700000,5.70000000,5.22300000,5.59800000,21449.98700000,21449.98700000
2020-09-21,5.82700000,5.96200000,5.36400000,5.41500000,5.82700000,5.96200000,5.36400000,5.41500000,31921.63600000,31921.63600000
2020-09-20,5.90000000,6.04900000,5.71600000,5.82700000,5.90000000,6.04900000,5.71600000,5.82700000,18683.08200000,18683.08200000
2020-09-19,6.02900000,6.11300000,5.84800000,5.92900000,6.02900000,6.11300000,5.84800000,5.92900000,30170.82500000,30170.82500000
2020-09-18,6.08700000,6.27800000,6.00000000,6.05500000,6.08700000,6.27800000,6.00000000,6.05500000,20656.74600000,20656.74600000
2020-09-17,6.12500000,6.29500000,6.02600000,6.12700000,6.12500000,6.29500000,6.02600000,6.12700000,7193.46100000,7193.46100000
2020-09-16,6.11700000,6.29600000,5.97500000,6.16000000,6.11700000,6.29600000,5.97500000,6.16000000,17610.75600000,17610.75600000
2020-09-15,6.32200000,6.46800000,6.06000000,6.11700000,6.32200000,6.46800000,6.06000000,6.11700000,19384.53000000,19384.53000000
2020-09-14,6.28400000,6.51700000,6.05500000,6.29600000,6.28400000,6.51700000,6.05500000,6.29600000,18102.60800000,18102.60800000
2020-09-13,6.63300000,6.63400000,6.00000000,6.28500000,6.63300000,6.63400000,6.00000000,6.28500000,26742.90600000,26742.90600000
2020-09-12,6.54500000,6.69000000,6.39000000,6.64100000,6.54500000,6.69000000,6.39000000,6.64100000,21221.81200000,21221.81200000
2020-09-11,6.30600000,6.62200000,6.00900000,6.50400000,6.30600000,6.62200000,6.00900000,6.50400000,22321.24500000,22321.24500000
2020-09-10,6.04900000,6.54400000,6.04900000,6.29500000,6.04900000,6.54400000,6.04900000,6.29500000,26551.46100000,26551.46100000
2020-09-09,5.86200000,6.27600000,5.75200000,6.06500000,5.86200000,6.27600000,5.75200000,6.06500000,17357.90400000,17357.90400000
2020-09-08,6.34900000,6.36100000,5.70000000,5.88700000,6.34900000,6.36100000,5.70000000,5.88700000,36020.46500000,36020.46500000
2020-09-07,6.38900000,6.42100000,5.85500000,6.27000000,6.38900000,6.42100000,5.85500000,6.27000000,20668.35800000,20668.35800000
2020-09-06,6.00200000,6.50000000,5.63200000,6.40300000,6.00200000,6.50000000,5.63200000,6.40300000,31594.64800000,31594.64800000
2020-09-05,7.02000000,7.19800000,5.55800000,6.00100000,7.02000000,7.19800000,5.55800000,6.00100000,68589.33800000,68589.33800000
2020-09-04,6.50000000,7.31100000,6.44500000,7.00200000,6.50000000,7.31100000,6.44500000,7.00200000,43797.10100000,43797.10100000
2020-09-03,8.42500000,8.51600000,6.40000000,6.51900000,8.42500000,8.51600000,6.40000000,6.51900000,54011.56600000,54011.56600000
2020-09-02,8.82900000,8.90500000,7.95000000,8.48500000,8.82900000,8.90500000,7.95000000,8.48500000,53042.39200000,53042.39200000
2020-09-01,8.49700000,9.02200000,8.30900000,8.82400000,8.49700000,9.02200000,8.30900000,8.82400000,46036.93100000,46036.93100000
2020-08-31,8.72300000,8.80200000,8.10000000,8.48100000,8.72300000,8.80200000,8.10000000,8.48100000,28487.11900000,28487.11900000
2020-08-30,8.50600000,8.84800000,8.40000000,8.72100000,8.50600000,8.84800000,8.40000000,8.72100000,25882.22200000,25882.22200000
2020-08-29,8.36700000,8.59500000,8.28600000,8.50600000,8.36700000,8.59500000,8.28600000,8.50600000,23780.81400000,23780.81400000
2020-08-28,8.34900000,8.70000000,8.14000000,8.36700000,8.34900000,8.70000000,8.14000000,8.36700000,54994.71900000,54994.71900000
2020-08-27,8.79900000,8.84100000,8.22400000,8.34800000,8.79900000,8.84100000,8.22400000,8.34800000,27923.99100000,27923.99100000
2020-08-26,8.73500000,10.50000000,8.62600000,8.80100000,8.73500000,10.50000000,8.62600000,8.80100000,22240.40900000,22240.40900000
2020-08-25,9.44100000,9.52100000,8.36900000,8.75500000,9.44100000,9.52100000,8.36900000,8.75500000,33257.98400000,33257.98400000
2020-08-24,9.30700000,9.51100000,9.19700000,9.44200000,9.30700000,9.51100000,9.19700000,9.44200000,20346.39000000,20346.39000000
2020-08-23,9.76900000,9.80800000,9.21000000,9.34800000,9.76900000,9.80800000,9.21000000,9.34800000,19255.27500000,19255.27500000
2020-08-22,9.57000000,10.22900000,9.10000000,9.76800000,9.57000000,10.22900000,9.10000000,9.76800000,43435.04800000,43435.04800000
2020-08-21,9.58800000,10.81900000,9.50000000,9.56000000,9.58800000,10.81900000,9.50000000,9.56000000,119493.42200000,119493.42200000
2020-08-20,9.06600000,9.58800000,8.97600000,9.56300000,9.06600000,9.58800000,8.97600000,9.56300000,18929.80000000,18929.80000000
2020-08-19,9.46900000,9.65300000,8.72800000,9.02900000,9.46900000,9.65300000,8.72800000,9.02900000,28963.65300000,28963.65300000
2020-08-18,10.04300000,10.19300000,8.67300000,9.51800000,10.04300000,10.19300000,8.67300000,9.51800000,36061.33500000,36061.33500000
2020-08-17,10.01000000,10.39400000,9.80400000,10.03600000,10.01000000,10.39400000,9.80400000,10.03600000,36604.10300000,36604.10300000
2020-08-16,10.04100000,10.10000000,9.52800000,10.01000000,10.04100000,10.10000000,9.52800000,10.01000000,51269.51700000,51269.51700000
2020-08-15,10.46200000,10.56000000,9.89000000,10.06600000,10.46200000,10.56000000,9.89000000,10.06600000,28622.75500000,28622.75500000
2020-08-14,10.24100000,10.65300000,10.10000000,10.46200000,10.24100000,10.65300000,10.10000000,10.46200000,24863.35800000,24863.35800000
2020-08-13,10.53500000,10.57900000,9.78400000,10.28100000,10.53500000,10.57900000,9.78400000,10.28100000,33283.12900000,33283.12900000
2020-08-12,10.55000000,11.26900000,10.09000000,10.49100000,10.55000000,11.26900000,10.09000000,10.49100000,52019.85800000,52019.85800000
2020-08-11,10.35100000,11.23000000,9.85000000,10.55000000,10.35100000,11.23000000,9.85000000,10.55000000,64537.61600000,64537.61600000
2020-08-10,10.49800000,10.90000000,10.00100000,10.35100000,10.49800000,10.90000000,10.00100000,10.35100000,60981.72400000,60981.72400000
2020-08-09,10.92400000,11.30400000,10.20000000,10.49800000,10.92400000,11.30400000,10.20000000,10.49800000,44296.26400000,44296.26400000
2020-08-08,9.87300000,11.48900000,9.86500000,10.90000000,9.87300000,11.48900000,9.86500000,10.90000000,70549.56000000,70549.56000000
2020-08-07,9.48700000,10.16000000,9.41500000,9.87300000,9.48700000,10.16000000,9.41500000,9.87300000,45760.62900000,45760.62900000
2020-08-06,9.28900000,9.75000000,9.10800000,9.55200000,9.28900000,9.75000000,9.10800000,9.55200000,28133.37200000,28133.37200000
2020-08-05,8.98600000,9.34000000,8.87900000,9.28900000,8.98600000,9.34000000,8.87900000,9.28900000,19692.99700000,19692.99700000
2020-08-04,8.92900000,9.20000000,8.67800000,9.01600000,8.92900000,9.20000000,8.67800000,9.01600000,18833.93200000,18833.93200000
2020-08-03,8.51100000,9.07800000,8.30000000,8.91400000,8.51100000,9.07800000,8.30000000,8.91400000,23788.25300000,23788.25300000
2020-08-02,8.87200000,9.35400000,8.04700000,8.51100000,8.87200000,9.35400000,8.04700000,8.51100000,45501.74300000,45501.74300000
2020-08-01,8.10700000,9.40000000,8.00300000,8.90300000,8.10700000,9.40000000,8.00300000,8.90300000,55745.20100000,55745.20100000
2020-07-31,8.19800000,8.33600000,7.89100000,8.09900000,8.19800000,8.33600000,7.89100000,8.09900000,17347.69500000,17347.69500000
2020-07-30,8.08800000,8.36400000,8.06000000,8.19400000,8.08800000,8.36400000,8.06000000,8.19400000,14657.59900000,14657.59900000
2020-07-29,8.37400000,8.52500000,8.06000000,8.12800000,8.37400000,8.52500000,8.06000000,8.12800000,21435.65100000,21435.65100000
2020-07-28,8.73200000,8.80400000,8.06000000,8.37400000,8.73200000,8.80400000,8.06000000,8.37400000,35064.02700000,35064.02700000
2020-07-27,9.33200000,9.48300000,8.20000000,8.72400000,9.33200000,9.48300000,8.20000000,8.72400000,50484.17300000,50484.17300000
2020-07-26,9.09500000,9.39900000,8.73300000,9.38700000,9.09500000,9.39900000,8.73300000,9.38700000,35115.05900000,35115.05900000
2020-07-25,9.45900000,9.51100000,8.99600000,9.09500000,9.45900000,9.51100000,8.99600000,9.09500000,26856.70800000,26856.70800000
2020-07-24,8.72600000,9.66400000,8.63900000,9.45900000,8.72600000,9.66400000,8.63900000,9.45900000,38081.30200000,38081.30200000
2020-07-23,8.09000000,9.09000000,8.09000000,8.72700000,8.09000000,9.09000000,8.09000000,8.72700000,38414.47900000,38414.47900000
2020-07-22,8.05600000,8.30000000,7.95700000,8.09000000,8.05600000,8.30000000,7.95700000,8.09000000,10721.43400000,10721.43400000
2020-07-21,8.06900000,8.45000000,7.93000000,8.07200000,8.06900000,8.45000000,7.93000000,8.07200000,19996.08900000,19996.08900000
2020-07-20,8.14000000,8.54800000,7.90000000,8.08700000,8.14000000,8.54800000,7.90000000,8.08700000,42137.94100000,42137.94100000
2020-07-19,7.48000000,8.50000000,7.47700000,8.13900000,7.48000000,8.50000000,7.47700000,8.13900000,75328.53800000,75328.53800000
2020-07-18,7.44700000,7.56700000,7.23800000,7.49200000,7.44700000,7.56700000,7.23800000,7.49200000,10597.93100000,10597.93100000
2020-07-17,7.53700000,7.60000000,7.34100000,7.47500000,7.53700000,7.60000000,7.34100000,7.47500000,9708.79700000,9708.79700000
2020-07-16,7.47700000,7.72800000,7.00000000,7.53700000,7.47700000,7.72800000,7.00000000,7.53700000,27170.05500000,27170.05500000
2020-07-15,7.18900000,7.73400000,7.14000000,7.46200000,7.18900000,7.73400000,7.14000000,7.46200000,36815.82000000,36815.82000000
2020-07-14,7.48100000,7.56400000,6.91000000,7.18900000,7.48100000,7.56400000,6.91000000,7.18900000,20774.87000000,20774.87000000
2020-07-13,7.23000000,7.88600000,7.09300000,7.50500000,7.23000000,7.88600000,7.09300000,7.50500000,43383.42500000,43383.42500000
2020-07-12,7.24200000,7.49200000,7.11200000,7.21400000,7.24200000,7.49200000,7.11200000,7.21400000,15711.61700000,15711.61700000
2020-07-11,7.35000000,8.80000000,7.21100000,7.24200000,7.35000000,8.80000000,7.21100000,7.24200000,48653.52400000,48653.52400000
2020-07-10,7.46200000,7.89000000,7.16500000,7.35500000,7.46200000,7.89000000,7.16500000,7.35500000,48342.74000000,48342.74000000
2020-07-09,6.93100000,7.73400000,6.82300000,7.46200000,6.93100000,7.73400000,6.82300000,7.46200000,52143.04000000,52143.04000000
2020-07-08,6.84000000,6.98000000,6.50000000,6.93100000,6.84000000,6.98000000,6.50000000,6.93100000,28936.53400000,28936.53400000
2020-07-07,7.05800000,8.90000000,6.80000000,6.84000000,7.05800000,8.90000000,6.80000000,6.84000000,25134.47000000,25134.47000000
2020-07-06,6.52500000,7.09400000,6.52500000,7.05800000,6.52500000,7.09400000,6.52500000,7.05800000,12769.43600000,12769.43600000
